0.000000 0.003047 0.000052 299.338729
0.006678 0.358768 -0.000333 300.071972
0.013356 0.748176 -0.000422 300.841413
0.020033 1.123937 -0.000888 300.897500
0.026711 1.471258 -0.001164 300.941992
0.033389 1.856383 -0.001321 301.249926
0.040067 2.251741 -0.001573 301.551813
0.046745 2.630800 -0.001880 301.790375
0.053422 3.019760 -0.002368 303.694301
0.060100 3.399851 -0.002421 303.026808
0.066778 3.808139 -0.002853 303.647223
0.073456 4.200620 -0.003001 303.286325
0.080134 4.589556 -0.003442 303.766143
0.086811 4.998802 -0.003530 303.831848
0.093489 5.393443 -0.003930 303.193529
0.100167 5.784042 -0.004253 304.162399
0.106845 6.202842 -0.004328 304.279385
0.113523 6.598763 -0.004650 304.394372
0.120200 7.029037 -0.005011 305.257441
0.126878 7.434381 -0.005079 306.854750
0.133556 7.850413 -0.005543 306.508511
0.140234 8.265614 -0.005771 307.515781
0.146912 8.707616 -0.006022 307.417082
0.153589 9.119646 -0.006386 307.945293
0.160267 9.545567 -0.006552 307.447327
0.166945 9.977876 -0.006927 308.504862
0.173623 10.421181 -0.007190 308.953711
0.180301 10.856916 -0.007288 308.648866
0.186978 11.297763 -0.007803 309.566171
0.193656 11.741317 -0.008215 309.920091
0.200334 12.204828 -0.008088 309.714213
0.207012 12.628807 -0.008269 309.781001
0.213689 13.080296 -0.008839 310.105131
0.220367 13.532946 -0.009267 311.096682
0.227045 14.006057 -0.009380 311.574602
0.233723 14.473179 -0.009652 311.373946
0.240401 14.925953 -0.009918 312.144066
0.247078 15.387135 -0.010285 312.778071
0.253756 15.859011 -0.010391 313.165400
0.260434 16.348788 -0.010671 313.997232
0.267112 16.828080 -0.011148 314.226264
0.273790 17.307818 -0.011203 313.455114
0.280467 17.780877 -0.011343 315.167056
0.287145 18.278440 -0.011806 314.430803
0.293823 18.769348 -0.012132 315.591295
0.300501 19.265941 -0.012387 315.476966
0.307179 19.771588 -0.012587 315.612573
0.313856 20.267812 -0.013096 315.292044
0.320534 20.778686 -0.013182 316.488937
0.327212 21.282550 -0.013512 316.175447
0.333890 21.798436 -0.013563 317.820814
0.340568 22.319261 -0.014040 318.479202
0.347245 22.819549 -0.014131 317.707619
0.353923 23.355905 -0.014683 318.643970
0.360601 23.883229 -0.014789 318.518851
0.367279 24.414263 -0.015091 318.957530
0.373957 24.954550 -0.015485 320.050922
0.380634 25.512870 -0.015655 320.037997
0.387312 26.033894 -0.015826 321.322383
0.393990 26.600922 -0.016255 320.608450
0.400668 27.127195 -0.016667 321.747968
0.407346 27.697600 -0.016774 321.697480
0.414023 28.263687 -0.017138 322.448888
0.420701 28.833262 -0.017357 322.231413
0.427379 29.404128 -0.017606 322.835984
0.434057 29.978886 -0.018043 323.210578
0.440735 30.545769 -0.018309 323.259669
0.447412 31.127353 -0.018374 324.419930
0.454090 31.727738 -0.018750 324.827038
0.460768 32.308939 -0.019229 325.213564
0.467446 32.894350 -0.019169 326.102005
0.474124 33.496639 -0.019495 326.476807
0.480801 34.104304 -0.019868 325.985166
0.487479 34.728710 -0.020204 326.781574
0.494157 35.340166 -0.020263 326.707578
0.500835 35.965469 -0.020587 327.457323
0.507513 36.578985 -0.020659 327.573988
0.514190 37.214462 -0.021130 329.114082
0.520868 37.853732 -0.021408 328.918062
0.527546 38.484020 -0.021739 329.061361
0.534224 39.136412 -0.021915 330.203362
0.540902 39.775108 -0.022209 328.959452
0.547579 40.433189 -0.022422 329.477961
0.554257 41.093364 -0.022874 331.325247
0.560935 41.750915 -0.023140 331.401955
0.567613 42.438825 -0.023419 331.943434
0.574290 43.105797 -0.023567 331.603615
0.580968 43.792667 -0.023772 332.705928
0.587646 44.484980 -0.024242 334.172179
0.594324 45.177913 -0.024514 334.037569
0.601002 45.879087 -0.024715 334.167549
0.607679 46.576212 -0.025046 334.322597
0.614357 47.283572 -0.025201 334.806484
0.621035 48.003530 -0.025796 334.403055
0.627713 48.709961 -0.025929 336.062615
0.634391 49.440925 -0.026199 336.824951
0.641068 50.176858 -0.026628 336.085109
0.647746 50.921003 -0.026767 337.015232
0.654424 51.682137 -0.027038 337.242564
0.661102 52.422600 -0.027241 337.816328
0.667780 53.187816 -0.027385 338.805825
0.674457 53.971038 -0.027795 338.219357
0.681135 54.727515 -0.028149 340.053580
0.687813 55.518150 -0.028327 340.610694
0.694491 56.287882 -0.028491 340.597992
0.701169 57.088437 -0.028968 339.975442
0.707846 57.881177 -0.029237 341.212338
0.714524 58.694474 -0.029365 342.824270
0.721202 59.520540 -0.029718 341.318635
0.727880 60.316312 -0.029906 343.036248
0.734558 61.166642 -0.030247 343.124974
0.741235 62.000744 -0.030450 344.624834
0.747913 62.835943 -0.030899 344.395200
0.754591 63.678486 -0.031072 345.447598
0.761269 64.552369 -0.031366 346.043897
0.767947 65.412791 -0.031742 347.197529
0.774624 66.294687 -0.032052 346.698923
0.781302 67.174789 -0.032102 347.512149
0.787980 68.080839 -0.032480 347.108110
0.794658 68.960821 -0.032822 348.975159
0.801336 69.859623 -0.033005 348.531843
0.808013 70.786651 -0.033157 349.166721
0.814691 71.710526 -0.033773 349.973857
0.821369 72.653963 -0.033970 349.744331
0.828047 73.589459 -0.034187 351.183886
0.834725 74.534220 -0.034224 352.099925
0.841402 75.503751 -0.034617 352.312342
0.848080 76.444741 -0.034843 351.924128
0.854758 77.426906 -0.035309 353.212422
0.861436 78.410001 -0.035582 354.204168
0.868114 79.410746 -0.035700 353.456093
0.874791 80.405795 -0.036014 354.422773
0.881469 81.440504 -0.036240 355.966663
0.888147 82.456324 -0.036588 356.234871
0.894825 83.478171 -0.036817 356.880468
0.901503 84.527132 -0.037104 358.182148
0.908180 85.595047 -0.037317 358.067886
0.914858 86.665275 -0.037589 358.747086
0.921536 87.752346 -0.038106 360.361402
0.928214 88.847651 -0.038444 359.490403
0.934891 89.919590 -0.038394 359.793063
0.941569 91.013437 -0.038651 361.004058
0.948247 92.121006 -0.039146 361.611302
0.954925 93.275265 -0.039505 361.733622
0.961603 94.406147 -0.039584 362.089516
0.968280 95.563403 -0.039776 364.372969
0.974958 96.726477 -0.039964 363.997436
0.981636 97.908161 -0.040367 364.087510
0.988314 99.109303 -0.040731 365.534966
0.994992 100.301570 -0.041058 365.649524
1.001669 100.298414 -0.040968 365.577656
1.008347 100.289643 -0.040783 367.222118
1.015025 100.283253 -0.040638 367.531926
1.021703 100.295137 -0.040115 369.591066
1.028381 100.299462 -0.039925 371.608115
1.035058 100.317679 -0.039774 372.121611
1.041736 100.301303 -0.039763 372.937302
1.048414 100.309827 -0.039370 374.108740
1.055092 100.295007 -0.039175 375.394008
1.061770 100.288151 -0.038978 376.709082
1.068447 100.290349 -0.038681 377.884046
1.075125 100.292748 -0.038526 379.767990
1.081803 100.321285 -0.038300 379.680115
1.088481 100.291786 -0.038094 382.214605
1.095159 100.308385 -0.037907 382.830647
1.101836 100.290971 -0.037903 384.445849
1.108514 100.309316 -0.037500 384.930766
1.115192 100.303850 -0.037348 387.395461
1.121870 100.298434 -0.037204 388.590848
1.128548 100.299592 -0.036691 389.684711
1.135225 100.293452 -0.036470 389.684424
1.141903 100.304461 -0.036291 392.093247
1.148581 100.295450 -0.036185 393.118000
1.155259 100.287744 -0.035859 393.349822
1.161937 100.287221 -0.035777 395.377194
1.168614 100.301726 -0.035542 396.808495
1.175292 100.315791 -0.035455 398.141151
1.181970 100.301600 -0.035090 399.188629
1.188648 100.298814 -0.034907 400.482499
1.195326 100.302858 -0.034827 402.310574
1.202003 100.313060 -0.034486 403.423671
1.208681 100.302194 -0.034272 402.614012
1.215359 100.295891 -0.033868 405.125705
1.222037 100.311063 -0.033742 406.438984
1.228715 100.304288 -0.033614 406.882146
1.235392 100.315358 -0.033374 409.042172
1.242070 100.301832 -0.033178 410.856345
1.248748 100.287755 -0.032987 410.925567
1.255426 100.286318 -0.032859 412.873937
1.262104 100.316509 -0.032549 413.484710
1.268781 100.317237 -0.032392 414.843551
1.275459 100.298205 -0.032226 417.155089
1.282137 100.296168 -0.031834 417.381998
1.288815 100.314614 -0.031630 419.121269
1.295492 100.288930 -0.031631 419.191439
1.302170 100.291053 -0.031249 422.295092
1.308848 100.306433 -0.030920 422.902144
1.315526 100.296054 -0.030698 423.746454
1.322204 100.299949 -0.030485 425.362362
1.328881 100.298366 -0.030367 425.606564
1.335559 100.303376 -0.030239 428.139625
1.342237 100.314075 -0.030047 428.623252
1.348915 100.300906 -0.029688 429.920095
1.355593 100.306439 -0.029468 431.013187
1.362270 100.279498 -0.029161 432.205575
1.368948 100.299513 -0.028963 434.080121
1.375626 100.291568 -0.028870 435.097624
1.382304 100.287812 -0.028765 436.532430
1.388982 100.291218 -0.028457 437.439044
1.395659 100.296659 -0.028187 438.936927
1.402337 100.309159 -0.028012 439.707787
1.409015 100.286736 -0.027834 442.268963
1.415693 100.300306 -0.027534 441.607017
1.422371 100.295158 -0.027394 444.258336
1.429048 100.296723 -0.027190 445.548707
1.435726 100.310028 -0.026880 445.675559
1.442404 100.305381 -0.026735 448.453160
1.449082 100.313374 -0.026454 449.073154
1.455760 100.298455 -0.026235 450.297863
1.462437 100.293041 -0.026159 451.063190
1.469115 100.297761 -0.025877 452.177451
1.475793 100.302425 -0.025469 453.418245
1.482471 100.301766 -0.025513 454.955100
1.489149 100.289156 -0.025392 456.697313
1.495826 100.300905 -0.025150 457.324263
1.502504 100.302282 -0.024745 458.014769
1.509182 100.325175 -0.024528 460.119590
1.515860 100.318768 -0.024327 461.404837
1.522538 100.291468 -0.023978 462.508476
1.529215 100.297126 -0.024150 463.790781
1.535893 100.285366 -0.023627 464.519453
1.542571 100.294093 -0.023294 465.427308
1.549249 100.303156 -0.023347 466.694591
1.555927 100.312059 -0.023056 467.547841
1.562604 100.292709 -0.022877 469.720932
1.569282 100.293459 -0.022674 470.797619
1.575960 100.278527 -0.022401 471.856235
1.582638 100.298373 -0.022010 471.835304
1.589316 100.289376 -0.021752 473.926340
1.595993 100.294706 -0.021754 476.347305
1.602671 100.291231 -0.021313 476.691457
1.609349 100.299057 -0.021284 478.440951
1.616027 100.282423 -0.020896 478.802197
1.622705 100.285330 -0.020864 481.453778
1.629382 100.321292 -0.020625 481.899297
1.636060 100.287126 -0.020386 483.353216
1.642738 100.289032 -0.019888 485.607971
1.649416 100.318369 -0.019905 486.440187
1.656093 100.329051 -0.019844 486.765569
1.662771 100.288284 -0.019460 487.859127
1.669449 100.296318 -0.019377 489.229850
1.676127 100.303416 -0.019174 490.884457
1.682805 100.317287 -0.018817 491.813781
1.689482 100.290131 -0.018689 492.905656
1.696160 100.297547 -0.018448 495.073754
1.702838 100.307773 -0.018258 495.519944
1.709516 100.304348 -0.018009 497.963728
1.716194 100.296238 -0.017784 498.096190
1.722871 100.298662 -0.017804 500.180364
1.729549 100.286251 -0.017328 500.703249
1.736227 100.297618 -0.017276 502.242955
1.742905 100.297336 -0.017106 502.636055
1.749583 100.302322 -0.016751 503.808366
1.756260 100.294447 -0.016521 505.701984
1.762938 100.304715 -0.016382 507.203293
1.769616 100.310127 -0.016013 507.966029
1.776294 100.301554 -0.016015 508.539590
1.782972 100.303518 -0.015705 509.739542
1.789649 100.300532 -0.015506 510.942989
1.796327 100.300001 -0.015236 512.009631
1.803005 100.292784 -0.014987 514.185070
1.809683 100.303165 -0.014900 515.929735
1.816361 100.299027 -0.014510 516.597390
1.823038 100.320932 -0.014360 516.710776
1.829716 100.315734 -0.014339 518.982488
1.836394 100.303858 -0.014130 520.233354
1.843072 100.292369 -0.013719 522.599638
1.849750 100.288876 -0.013523 522.059955
1.856427 100.311911 -0.013295 523.830071
1.863105 100.302627 -0.013071 526.115221
1.869783 100.304801 -0.012830 526.724169
1.876461 100.282554 -0.012541 528.017722
1.883139 100.309274 -0.012531 529.030243
1.889816 100.304544 -0.012321 530.374808
1.896494 100.288896 -0.012097 531.835526
1.903172 100.295285 -0.011742 532.278863
1.909850 100.302637 -0.011430 534.359521
1.916528 100.300525 -0.011382 534.470875
1.923205 100.297078 -0.011372 536.558446
1.929883 100.298965 -0.011076 537.720518
1.936561 100.297480 -0.010773 538.559886
1.943239 100.301526 -0.010529 540.093575
1.949917 100.314715 -0.010298 541.030533
1.956594 100.274333 -0.010037 542.042838
1.963272 100.297631 -0.009856 543.638766
1.969950 100.301765 -0.009503 544.500465
1.976628 100.302960 -0.009459 546.450743
1.983306 100.296281 -0.009262 546.951187
1.989983 100.282433 -0.008911 549.119103
1.996661 100.303280 -0.008897 549.409260
2.003339 100.317274 -0.008704 549.716853
2.010017 99.083305 -0.008319 548.744579
2.016694 97.918207 -0.007931 548.781971
2.023372 96.729312 -0.007344 547.352638
2.030050 95.566944 -0.007151 546.155243
2.036728 94.403747 -0.006469 545.589554
2.043406 93.269243 -0.006284 543.371092
2.050083 92.155327 -0.005976 543.492973
2.056761 91.029159 -0.005428 543.608452
2.063439 89.932769 -0.005129 541.776273
2.070117 88.830286 -0.004683 540.849660
2.076795 87.736769 -0.004155 540.200518
2.083472 86.674333 -0.003725 539.490104
2.090150 85.596302 -0.003429 537.164463
2.096828 84.545568 -0.002855 536.447925
2.103506 83.489913 -0.002424 536.525075
2.110184 82.459212 -0.001983 535.198233
2.116861 81.427178 -0.001660 535.352280
2.123539 80.429458 -0.001163 533.684084
2.130217 79.402861 -0.001074 532.024571
2.136895 78.427090 -0.000504 531.512711
2.143573 77.431397 -0.000146 529.931434
2.150250 76.468341 0.000366 530.353389
2.156928 75.496627 0.000711 529.545025
2.163606 74.548857 0.001165 528.600291
2.170284 73.588415 0.001783 528.529767
2.176962 72.624650 0.001992 527.771849
2.183639 71.707656 0.002464 526.274071
2.190317 70.773139 0.002812 524.482971
2.196995 69.864675 0.003257 525.054345
2.203673 68.978327 0.003663 524.223066
2.210351 68.071197 0.004121 523.304019
2.217028 67.167582 0.004606 522.848218
2.223706 66.282223 0.005068 520.987398
2.230384 65.418414 0.005348 521.790665
2.237062 64.539482 0.005789 519.527153
2.243740 63.686235 0.006029 519.606126
2.250417 62.845005 0.006549 517.616519
2.257095 62.009920 0.007065 517.227735
2.263773 61.168385 0.007471 517.687685
2.270451 60.310672 0.007819 516.039610
2.277129 59.515181 0.008300 515.834472
2.283806 58.698584 0.008674 514.781295
2.290484 57.894817 0.009159 513.862468
2.297162 57.106653 0.009481 513.852791
2.303840 56.276586 0.009830 512.312214
2.310518 55.504863 0.010313 510.803575
2.317195 54.736987 0.010400 510.559418
2.323873 53.942229 0.011144 510.507389
2.330551 53.206357 0.011155 509.703933
2.337229 52.435339 0.011761 508.000633
2.343907 51.686606 0.012392 507.703543
2.350584 50.925266 0.012808 507.059944
2.357262 50.198223 0.013058 506.456669
2.363940 49.466081 0.013516 505.243525
2.370618 48.729163 0.014138 504.912824
2.377295 48.006672 0.014366 504.161654
2.383973 47.290508 0.015052 504.214068
2.390651 46.568563 0.015241 503.538569
2.397329 45.870958 0.015696 502.370148
2.404007 45.171922 0.016230 501.559388
2.410684 44.484006 0.016495 501.141007
2.417362 43.802540 0.016795 499.981650
2.424040 43.099905 0.017298 499.138643
2.430718 42.432705 0.017719 498.567274
2.437396 41.777688 0.018000 498.048481
2.444073 41.089746 0.018524 497.115806
2.450751 40.428597 0.018889 497.113354
2.457429 39.783750 0.019469 496.735065
2.464107 39.140289 0.019794 494.917618
2.470785 38.487228 0.020175 495.067743
2.477462 37.860766 0.020607 494.292252
2.484140 37.221444 0.021053 493.923019
2.490818 36.591675 0.021506 493.098821
2.497496 35.964105 0.021758 491.734473
2.504174 35.362019 0.022167 491.188996
2.510851 34.721686 0.022795 491.196731
2.517529 34.093463 0.023057 491.061128
2.524207 33.524015 0.023370 488.807228
2.530885 32.902530 0.023970 489.457614
2.537563 32.311931 0.024385 489.252813
2.544240 31.732254 0.024599 487.957541
2.550918 31.115954 0.025189 487.687987
2.557596 30.536740 0.025653 486.442941
2.564274 29.954939 0.026031 486.119120
2.570952 29.389074 0.026470 484.755391
2.577629 28.831796 0.026680 483.783417
2.584307 28.267301 0.027267 484.819388
2.590985 27.703711 0.027617 483.250581
2.597663 27.129896 0.028012 482.913023
2.604341 26.568138 0.028561 481.847891
2.611018 26.043096 0.029036 481.239050
2.617696 25.493203 0.029481 481.262616
2.624374 24.961895 0.029846 480.392805
2.631052 24.427672 0.030117 480.357178
2.637730 23.889315 0.030577 479.807582
2.644407 23.366703 0.031032 479.157361
2.651085 22.836412 0.031381 478.534344
2.657763 22.318248 0.031796 478.624502
2.664441 21.788498 0.032278 476.724845
2.671119 21.280078 0.032604 476.656629
2.677796 20.773865 0.032950 476.678309
2.684474 20.273781 0.033395 476.174498
2.691152 19.758936 0.033913 474.263989
2.697830 19.268966 0.034264 474.253699
2.704508 18.765522 0.034711 474.526288
2.711185 18.274943 0.035158 473.540946
2.717863 17.795827 0.035467 472.826529
2.724541 17.282456 0.035993 472.064343
2.731219 16.807683 0.036369 471.427852
2.737896 16.327460 0.036621 471.212693
2.744574 15.843920 0.037303 470.393475
2.751252 15.388754 0.037522 469.951683
2.757930 14.934586 0.037820 469.467800
2.764608 14.459040 0.038294 468.547193
2.771285 14.001875 0.038710 468.612209
2.777963 13.551976 0.039231 469.265353
2.784641 13.098695 0.039612 466.383980
2.791319 12.632180 0.040019 466.900863
2.797997 12.196947 0.040528 465.827272
2.804674 11.737931 0.040914 465.966691
2.811352 11.285262 0.041325 465.173990
2.818030 10.847318 0.041748 465.006443
2.824708 10.401053 0.042182 464.690143
2.831386 9.972516 0.042323 463.677530
2.838063 9.546271 0.042911 463.628317
2.844741 9.129227 0.043143 461.373142
2.851419 8.712599 0.043778 462.825531
2.858097 8.258602 0.044188 461.704852
2.864775 7.856190 0.044706 461.545246
2.871452 7.424475 0.045134 459.887365
2.878130 7.024999 0.045449 459.574858
2.884808 6.607041 0.045792 459.558101
2.891486 6.180846 0.046304 458.973438
2.898164 5.801918 0.046617 458.622239
2.904841 5.382718 0.047083 458.523621
2.911519 4.982191 0.047595 456.601311
2.918197 4.578198 0.047854 457.475274
2.924875 4.186299 0.048404 456.498822
2.931553 3.803624 0.048805 455.900969
2.938230 3.406489 0.049055 454.777330
2.944908 3.023215 0.049661 455.276278
2.951586 2.637582 0.050047 453.331391
2.958264 2.263669 0.050401 454.378148
2.964942 1.865977 0.050728 452.825207
2.971619 1.476000 0.051132 453.117089
2.978297 1.125203 0.051578 452.551655
2.984975 0.737356 0.052099 452.718657
2.991653 0.380314 0.052363 451.568966
2.998331 0.003834 0.052916 450.837377
3.005008 -0.001311 0.052748 450.931144
3.011686 0.003488 0.052497 450.806226
3.018364 0.019510 0.052174 449.423273
3.025042 0.020770 0.052052 447.947649
3.031720 0.000694 0.051315 447.007580
3.038397 0.001602 0.051245 445.327554
3.045075 0.010762 0.050758 445.290719
3.051753 -0.008457 0.050429 443.201913
3.058431 0.003331 0.050045 443.443058
3.065109 -0.000259 0.049723 442.116810
3.071786 0.003139 0.049308 442.231315
3.078464 -0.008334 0.049114 439.473110
3.085142 -0.015896 0.048568 438.957186
3.091820 -0.020730 0.048372 438.893000
3.098497 -0.011174 0.047840 437.574891
3.105175 -0.004587 0.047543 435.616429
3.111853 -0.002932 0.047087 435.061858
3.118531 0.019372 0.046885 433.936213
3.125209 0.011060 0.046629 433.061531
3.131886 -0.009621 0.046122 431.556552
3.138564 0.003477 0.045756 430.846571
3.145242 -0.004071 0.045309 429.077545
3.151920 -0.002844 0.045043 428.929472
3.158598 0.001853 0.044551 428.072260
3.165275 0.006192 0.044265 426.718879
3.171953 -0.003393 0.044024 425.010403
3.178631 0.010639 0.043778 425.297533
3.185309 -0.011419 0.043572 423.970869
3.191987 0.000063 0.042878 422.410938
3.198664 0.025977 0.042725 421.618985
3.205342 0.002231 0.042251 419.994290
3.212020 0.014332 0.041857 419.217259
3.218698 0.000915 0.041560 418.446397
3.225376 0.005808 0.041168 418.314853
3.232053 -0.000568 0.040818 416.366230
3.238731 -0.001704 0.040412 415.991428
3.245409 -0.007795 0.039958 414.387502
3.252087 0.004303 0.039589 413.765973
3.258765 -0.008515 0.039453 412.556641
3.265442 0.006656 0.039006 412.049206
3.272120 0.010853 0.038619 410.330612
3.278798 0.003665 0.038324 408.797093
3.285476 -0.002862 0.038048 407.877721
3.292154 0.004540 0.037632 407.288097
3.298831 -0.003087 0.037193 405.914845
3.305509 0.009355 0.037027 405.729820
3.312187 -0.018314 0.036707 404.277169
3.318865 -0.003356 0.036244 404.682696
3.325543 -0.019908 0.035937 401.611874
3.332220 -0.014951 0.035609 401.567888
3.338898 0.013639 0.035243 399.887434
3.345576 0.008952 0.034836 399.190049
3.352254 -0.007195 0.034480 398.492799
3.358932 -0.015025 0.034117 396.244742
3.365609 -0.029645 0.033601 396.511181
3.372287 -0.005435 0.033426 396.329560
3.378965 0.024204 0.032865 394.136727
3.385643 0.004349 0.032566 393.478689
3.392321 -0.005596 0.032421 392.846585
3.398998 0.004651 0.032020 391.237487
3.405676 -0.015610 0.031730 390.014323
3.412354 -0.002973 0.031199 388.152274
3.419032 0.000995 0.030756 388.595977
3.425710 -0.000861 0.030493 387.204237
3.432387 0.007908 0.030172 385.739818
3.439065 0.003446 0.029815 385.294798
3.445743 0.006683 0.029566 383.924999
3.452421 -0.006884 0.029061 382.937965
3.459098 0.008978 0.028778 382.490663
3.465776 0.016289 0.028289 380.503666
3.472454 -0.009701 0.028078 380.681854
3.479132 -0.008877 0.027678 378.444692
3.485810 0.013358 0.027248 377.797524
3.492487 -0.001913 0.026945 378.075687
3.499165 0.014038 0.026595 376.663231
3.505843 -0.004425 0.026232 375.133695
3.512521 0.014550 0.026081 373.599967
3.519199 0.001315 0.025539 372.790935
3.525876 0.002582 0.025170 372.077548
3.532554 0.015647 0.024630 371.045011
3.539232 -0.003618 0.024395 369.966154
3.545910 -0.009411 0.024103 368.981512
3.552588 -0.004486 0.023706 367.875080
3.559265 0.004523 0.023558 366.246617
3.565943 -0.015658 0.023049 365.694691
3.572621 0.006375 0.022839 365.395597
3.579299 -0.005388 0.022362 363.239458
3.585977 0.011478 0.022004 362.814186
3.592654 -0.023943 0.021637 361.484426
3.599332 -0.007866 0.021291 360.935318
3.606010 -0.016865 0.021108 359.670665
3.612688 -0.008262 0.020349 359.589018
3.619366 0.002477 0.020026 358.088952
3.626043 -0.001792 0.019817 356.165098
3.632721 -0.002534 0.019518 356.141953
3.639399 -0.001592 0.019231 354.404352
3.646077 0.002034 0.018854 353.488519
3.652755 -0.010085 0.018414 352.919266
3.659432 0.007068 0.018199 351.501823
3.666110 0.006627 0.017845 351.179463
3.672788 0.003850 0.017406 349.331120
3.679466 0.005565 0.017129 348.394241
3.686144 0.002964 0.016705 347.360868
3.692821 0.020351 0.016267 346.391573
3.699499 -0.000871 0.016038 346.209328
3.706177 -0.003071 0.015624 344.959469
3.712855 -0.007535 0.015259 344.485383
3.719533 -0.010323 0.015051 343.749572
3.726210 -0.012445 0.014304 341.085731
3.732888 -0.008888 0.014052 340.621638
3.739566 -0.000707 0.013720 338.983668
3.746244 0.003343 0.013448 338.168304
3.752922 0.000511 0.013104 337.227405
3.759599 -0.007655 0.012624 335.999208
3.766277 0.009002 0.012321 334.987181
3.772955 0.007394 0.011979 334.426322
3.779633 -0.001596 0.011956 332.875444
3.786311 -0.006529 0.011535 332.890206
3.792988 0.005484 0.010959 330.995605
3.799666 0.001880 0.010609 331.844606
3.806344 -0.014481 0.010176 329.199468
3.813022 -0.000680 0.009745 328.446509
3.819699 0.002620 0.009569 326.748169
3.826377 -0.008997 0.009126 327.234224
3.833055 0.001898 0.008863 325.926268
3.839733 -0.014548 0.008356 324.500315
3.846411 0.013362 0.008085 322.663795
3.853088 0.012479 0.007822 322.427869
3.859766 -0.002525 0.007488 320.747159
3.866444 0.003635 0.007139 321.024392
3.873122 -0.024099 0.006610 319.683151
3.879800 -0.011563 0.006473 318.311612
3.886477 -0.002938 0.005952 316.031044
3.893155 -0.010721 0.005741 315.742863
3.899833 0.007144 0.005322 315.563791
3.906511 0.019973 0.004830 314.811692
3.913189 -0.011766 0.004581 313.745174
3.919866 -0.008375 0.004295 311.379922
3.926544 0.002354 0.003965 311.312044
3.933222 0.016111 0.003534 310.654365
3.939900 -0.012224 0.003347 308.302779
3.946578 0.002490 0.002940 308.113333
3.953255 0.018213 0.002458 307.239546
3.959933 -0.016518 0.002204 305.937582
3.966611 -0.012811 0.001968 304.147223
3.973289 -0.004236 0.001615 303.895794
3.979967 -0.005206 0.000942 302.880329
3.986644 0.008126 0.000617 301.955285
3.993322 0.002417 0.000503 300.732925
4.000000 -0.017750 -0.000106 299.778494
