Pressione, Can A, Raccolta #4
Tempo ( s )	Pressione ( kPa )
0,0000	-0,02441
0,1000	-0,01953
0,2000	-0,02441
0,3000	-0,01953
0,4000	-0,02441
0,5000	-0,01953
0,6000	-0,02441
0,7000	-0,01953
0,8000	-0,02441
0,9000	-0,01953
1,0000	-0,02441
1,1000	-0,01953
1,2000	-0,02441
1,3000	-0,01953
1,4000	-0,02441
1,5000	-0,01953
1,6000	-0,02441
1,7000	-0,01953
1,8000	-0,02441
1,9000	-0,01953
2,0000	-0,02441
2,1000	-0,01953
2,2000	-0,02441
2,3000	-0,01953
2,4000	-0,02441
2,5000	-0,01953
2,6000	-0,02441
2,7000	-0,01953
2,8000	-0,02441
2,9000	-0,01953
3,0000	-0,02441
3,1000	-0,01953
3,2000	-0,02441
3,3000	-0,01953
3,4000	-0,02441
3,5000	-0,01953
3,6000	-0,02441
3,7000	-0,01953
3,8000	-0,02441
3,9000	-0,01953
4,0000	-0,02441
4,1000	-0,01953
4,2000	-0,02441
4,3000	-0,01953
4,4000	-0,02441
4,5000	-0,01953
4,6000	-0,02441
4,7000	-0,01953
4,8000	-0,02441
4,9000	-0,01953
5,0000	-0,02441
5,1000	-0,01953
5,2000	-0,02441
5,3000	-0,01953
5,4000	-0,02441
5,5000	-0,01953
5,6000	-0,02441
5,7000	-0,01953
5,8000	-0,02441
5,9000	-0,01953
6,0000	-0,02441
6,1000	-0,01953
6,2000	-0,02441
6,3000	-0,01953
6,4000	-0,02441
6,5000	-0,01953
6,6000	-0,02441
6,7000	-0,01953
6,8000	-0,02441
6,9000	-0,01953
7,0000	-0,02441
7,1000	-0,01953
7,2000	-0,02441
7,3000	-0,01953
7,4000	-0,02441
7,5000	-0,01953
7,6000	-0,02441
7,7000	-0,01953
7,8000	-0,02441
7,9000	-0,01953
8,0000	-0,02441
8,1000	-0,01953
8,2000	-0,01953
8,3000	-0,01953
8,4000	-0,02441
8,5000	-0,01953
8,6000	-0,02441
8,7000	-0,01953
8,8000	-0,02441
8,9000	-0,01953
9,0000	-0,01953
9,1000	-0,01953
9,2000	-0,02441
9,3000	-0,01953
9,4000	-0,02441
9,5000	-0,02930
9,6000	-0,02441
9,7000	-0,01953
9,8000	-0,02441
9,9000	-0,01953
10,0000	-0,02441
10,1000	-0,02930
10,2000	-0,02441
10,3000	-0,01953
10,4000	-0,02441
10,5000	-0,01953
10,6000	-0,02441
10,7000	-0,01953
10,8000	-0,02441
10,9000	-0,01953
11,0000	-0,02441
11,1000	-0,01953
11,2000	-0,02441
11,3000	-0,01953
11,4000	0,00000
11,5000	0,00977
11,6000	0,08789
11,7000	0,00488
11,8000	-0,02441
11,9000	-0,01953
12,0000	-0,02441
12,1000	-0,01953
12,2000	-0,02441
12,3000	-0,01953
12,4000	-0,02441
12,5000	-0,01953
12,6000	-0,02441
12,7000	-0,01953
12,8000	-0,02441
12,9000	-0,01953
13,0000	-0,02441
13,1000	-0,01953
13,2000	-0,02441
13,3000	-0,01953
13,4000	-0,02441
13,5000	-0,01953
13,6000	-0,02441
13,7000	-0,01953
13,8000	-0,02441
13,9000	-0,01953
14,0000	-0,02441
14,1000	-0,01953
14,2000	-0,02441
14,3000	0,11231
14,4000	0,17090
14,5000	0,44923
14,6000	0,49318
14,7000	0,64943
14,8000	0,92776
14,9000	0,89846
15,0000	0,87405
15,1000	0,86428
15,2000	0,85940
15,3000	0,84964
15,4000	0,84964
15,5000	0,84475
15,6000	0,84964
15,7000	0,83987
15,8000	0,85452
15,9000	0,85940
16,0000	0,85940
16,1000	0,85940
16,2000	0,85452
16,3000	0,85940
16,4000	0,85940
16,5000	0,85940
16,6000	0,85452
16,7000	0,84475
16,8000	0,84964
16,9000	0,84475
17,0000	0,84964
17,1000	0,84475
17,2000	0,84964
17,3000	0,85940
17,4000	0,85452
17,5000	0,85940
17,6000	0,85940
17,7000	0,89846
17,8000	0,96194
17,9000	1,04007
18,0000	1,03030
18,1000	1,04007
18,2000	1,04495
18,3000	1,03519
18,4000	1,03519
18,5000	1,04007
18,6000	1,03030
18,7000	1,04984
18,8000	1,04495
18,9000	1,04495
19,0000	1,04495
19,1000	1,04007
19,2000	1,05472
19,3000	1,04495
19,4000	1,05472
19,5000	1,04007
19,6000	1,05472
19,7000	1,04495
19,8000	1,04495
19,9000	1,04007
20,0000	1,05472
20,1000	1,04984
20,2000	1,04495
20,3000	1,04495
20,4000	1,04495
20,5000	1,04495
20,6000	1,04007
20,7000	1,04007
20,8000	1,04495
20,9000	1,04007
21,0000	1,04495
21,1000	1,04495
21,2000	1,05472
21,3000	1,04495
21,4000	1,04984
21,5000	1,04007
21,6000	1,05472
21,7000	1,04495
21,8000	1,05472
21,9000	1,04984
22,0000	1,05472
22,1000	1,04984
22,2000	1,05472
22,3000	1,04495
22,4000	1,05472
22,5000	1,04007
22,6000	1,04495
22,7000	1,04007
22,8000	1,04007
22,9000	1,03519
23,0000	1,03519
23,1000	1,03519
23,2000	1,04495
23,3000	1,04495
23,4000	1,04984
23,5000	1,04495
23,6000	1,01566
23,7000	1,03519
23,8000	1,03030
23,9000	1,03519
24,0000	1,03519
24,1000	1,03519
24,2000	1,04495
24,3000	1,03519
24,4000	1,04007
24,5000	1,03519
24,6000	1,03030
24,7000	1,03519
24,8000	1,03519
24,9000	1,03519
25,0000	1,03030
25,1000	1,03030
25,2000	1,03030
25,3000	1,03519
25,4000	1,03030
25,5000	1,03519
25,6000	1,03030
25,7000	1,02054
25,8000	1,03030
25,9000	1,03519
26,0000	1,03519
26,1000	1,03519
26,2000	1,04007
26,3000	1,03519
26,4000	1,04007
26,5000	1,04007
26,6000	1,04007
26,7000	1,04007
26,8000	1,04495
26,9000	1,04007
27,0000	1,04495
27,1000	1,03519
27,2000	1,04495
27,3000	1,00589
27,4000	1,02054
27,5000	1,03030
27,6000	1,03030
27,7000	1,03519
27,8000	1,04495
27,9000	1,03519
28,0000	1,02542
28,1000	1,02542
28,2000	1,03030
28,3000	1,03519
28,4000	1,04007
28,5000	1,03519
28,6000	1,04007
28,7000	1,03519
28,8000	1,04495
28,9000	1,03519
29,0000	1,04007
29,1000	1,03519
29,2000	1,04495
29,3000	1,03519
29,4000	1,04495
29,5000	1,03519
29,6000	1,04007
29,7000	1,03519
29,8000	1,04007
29,9000	1,03519
30,0000	1,04007
30,1000	1,03519
30,2000	1,04007
30,3000	1,03519
30,4000	1,04007
30,5000	1,03519
30,6000	1,04007
30,7000	1,04007
30,8000	1,04007
30,9000	1,03519
31,0000	1,04007
31,1000	1,03519
31,2000	1,04007
31,3000	1,03519
31,4000	1,04007
31,5000	1,03519
31,6000	1,04007
31,7000	1,03519
31,8000	1,04495
31,9000	1,03519
32,0000	1,04007
32,1000	1,03519
32,2000	1,04007
32,3000	1,03519
32,4000	1,04007
32,5000	1,03519
32,6000	1,04007
32,7000	1,03519
32,8000	1,03030
32,9000	1,03519
33,0000	1,03030
33,1000	1,03519
33,2000	1,03030
33,3000	1,03519
33,4000	1,03519
33,5000	1,03519
33,6000	1,04007
33,7000	1,03519
33,8000	1,04495
33,9000	1,03519
34,0000	1,04495
34,1000	1,03519
34,2000	1,04495
34,3000	1,03519
34,4000	1,04007
34,5000	1,03519
34,6000	1,04495
34,7000	1,03519
34,8000	1,04495
34,9000	1,03519
35,0000	1,04495
35,1000	1,03519
35,2000	1,04495
35,3000	1,03519
35,4000	1,04495
35,5000	1,03519
35,6000	1,04495
35,7000	1,03519
35,8000	1,04007
35,9000	1,03519
36,0000	1,04495
36,1000	1,03519
36,2000	1,04007
36,3000	1,03519
36,4000	1,04007
36,5000	1,03519
36,6000	1,04495
36,7000	1,04007
36,8000	1,04495
36,9000	1,03519
37,0000	1,03519
37,1000	1,03519
37,2000	1,04007
37,3000	1,03519
37,4000	1,04007
37,5000	1,03519
37,6000	1,04007
37,7000	1,03519
37,8000	1,04007
37,9000	1,03519
38,0000	1,04007
38,1000	1,03519
38,2000	1,03519
38,3000	1,03519
38,4000	1,03519
38,5000	1,03519
38,6000	1,03519
38,7000	1,03519
38,8000	1,04007
38,9000	1,03519
39,0000	1,04007
39,1000	1,03519
39,2000	1,03030
39,3000	1,03519
39,4000	1,04007
39,5000	1,03519
39,6000	1,04007
39,7000	1,03519
39,8000	1,04007
39,9000	1,03519
40,0000	1,04007
40,1000	1,03519
40,2000	1,04007
40,3000	1,03519
40,4000	1,03519
40,5000	1,03519
40,6000	1,04007
40,7000	1,03519
40,8000	1,03519
40,9000	1,03519
41,0000	1,03030
41,1000	1,03519
41,2000	1,03030
41,3000	1,03519
41,4000	1,04007
41,5000	1,03519
41,6000	1,03519
41,7000	1,03519
41,8000	1,04007
41,9000	1,03519
42,0000	1,04007
42,1000	1,03519
42,2000	1,03030
42,3000	1,03519
42,4000	1,03519
42,5000	1,03519
42,6000	1,03030
42,7000	1,03519
42,8000	1,03030
42,9000	1,03519
43,0000	1,03030
43,1000	1,02054
43,2000	1,03030
43,3000	1,02542
43,4000	1,02542
43,5000	1,02542
43,6000	1,02542
43,7000	1,02542
43,8000	1,04495
43,9000	0,33692
44,0000	0,00977
44,1000	-0,01465
44,2000	0,00488
44,3000	-0,01953
44,4000	-0,00977
44,5000	-0,00977
44,6000	0,00000
44,7000	0,00000
44,8000	0,00488
44,9000	0,00000
45,0000	0,00000
45,1000	0,00000
45,2000	0,00000
45,3000	-0,01465
45,4000	0,00000
45,5000	0,00000
45,6000	0,00000
45,7000	0,00000
45,8000	0,00000
45,9000	-0,01953
46,0000	-0,02930
46,1000	-0,04395
46,2000	-0,03906
46,3000	-0,04395
46,4000	-0,03906
46,5000	-0,04883
46,6000	-0,03906
46,7000	-0,04883
46,8000	-0,03906
46,9000	-0,04883
47,0000	-0,04883
47,1000	-0,05860
47,2000	-0,05371
47,3000	-0,05860
47,4000	-0,05371
47,5000	-0,05371
47,6000	-0,05860
47,7000	-0,05860
47,8000	-0,04883
47,9000	-0,05860
48,0000	-0,05860
48,1000	-0,05860
48,2000	-0,05371
48,3000	-0,05860
48,4000	-0,05371
48,5000	-0,05860
48,6000	-0,05371
48,7000	-0,05860
48,8000	-0,05371
48,9000	-0,05860
49,0000	-0,05371
49,1000	-0,05860
49,2000	-0,05371
49,3000	-0,05860
49,4000	-0,05371
49,5000	-0,05860
49,6000	-0,05371
49,7000	-0,05371
49,8000	-0,04883
49,9000	-0,05860
50,0000	-0,05371
50,1000	-0,05860
50,2000	-0,05371
50,3000	-0,05860
50,4000	-0,05371
50,5000	-0,05860
50,6000	-0,05860
50,7000	-0,05860
50,8000	-0,05371
50,9000	-0,05860
51,0000	-0,05371
51,1000	-0,05860
51,2000	-0,05371
51,3000	-0,05860
51,4000	-0,04883
51,5000	-0,05860
51,6000	-0,04883
51,7000	-0,05860
51,8000	-0,05371
51,9000	-0,05860
52,0000	-0,05860
52,1000	-0,05860
52,2000	-0,05371
52,3000	-0,05860
52,4000	-0,04883
52,5000	-0,05860
52,6000	-0,04883
52,7000	-0,05860
52,8000	-0,05371
52,9000	-0,05860
53,0000	-0,05371
53,1000	-0,05860
53,2000	-0,05371
53,3000	-0,05860
53,4000	-0,04883
53,5000	-0,05860
53,6000	-0,04883
53,7000	-0,05860
53,8000	-0,05371
53,9000	-0,05371
54,0000	-0,05371
54,1000	-0,05860
54,2000	-0,05371
54,3000	-0,05860
54,4000	-0,05371
54,5000	-0,05860
54,6000	-0,06348
54,7000	-0,05860
54,8000	-0,06348
54,9000	-0,05860
55,0000	-0,05860
55,1000	-0,05860
55,2000	-0,05371
55,3000	-0,05860
55,4000	-0,05371
55,5000	-0,05860
55,6000	-0,05371
55,7000	-0,05860
55,8000	-0,05371
55,9000	-0,05860
56,0000	-0,05371
56,1000	-0,05860
56,2000	-0,05860
56,3000	-0,05860
56,4000	-0,05371
56,5000	-0,05860
56,6000	-0,06348
56,7000	-0,05860
56,8000	-0,06348
56,9000	-0,05860
57,0000	-0,05371
57,1000	-0,05860
57,2000	-0,05860
57,3000	-0,05860
57,4000	-0,05371
57,5000	-0,05860
57,6000	-0,05371
57,7000	-0,05860
57,8000	-0,05371
57,9000	-0,05860
58,0000	-0,05371
58,1000	-0,05860
58,2000	-0,05371
58,3000	-0,05860
58,4000	-0,05371
58,5000	-0,05860
58,6000	-0,05371
58,7000	-0,05860
58,8000	-0,05371
58,9000	-0,05860
59,0000	-0,04883
59,1000	-0,05860
59,2000	-0,05371
59,3000	-0,05860
59,4000	-0,05371
59,5000	-0,05860
59,6000	-0,05371
59,7000	-0,05860
59,8000	-0,05371
59,9000	-0,05860
60,0000	-0,05371
60,1000	-0,05860
60,2000	-0,05371
60,3000	-0,05860
60,4000	-0,05371
60,5000	-0,05860
60,6000	-0,05860
60,7000	-0,05860
60,8000	-0,04883
60,9000	-0,05860
61,0000	-0,05371
61,1000	-0,05860
61,2000	-0,05371
61,3000	-0,05860
61,4000	-0,05371
61,5000	-0,05860
61,6000	-0,05371
61,7000	-0,05860
61,8000	-0,05860
61,9000	-0,05860
62,0000	-0,05371
62,1000	-0,05860
62,2000	-0,05371
62,3000	-0,05860
62,4000	-0,06348
62,5000	-0,05860
62,6000	-0,05371
62,7000	-0,05860
62,8000	-0,05371
62,9000	-0,05860
63,0000	-0,04883
63,1000	-0,05860
63,2000	-0,05371
63,3000	-0,05860
63,4000	-0,05371
63,5000	-0,05860
63,6000	-0,04883
63,7000	-0,05860
63,8000	-0,05371
63,9000	-0,05860
64,0000	-0,05371
64,1000	-0,05860
64,2000	-0,05371
64,3000	-0,05860
64,4000	-0,05371
64,5000	-0,05860
64,6000	-0,05371
64,7000	-0,05860
64,8000	-0,03906
64,9000	-0,05860
65,0000	-0,04883
65,1000	-0,05371
65,2000	-0,05371
65,3000	-0,04883
65,4000	-0,04883
65,5000	-0,05860
65,6000	-0,04883
65,7000	-0,05860
65,8000	-0,05371
65,9000	-0,05371
66,0000	-0,05371
66,1000	-0,05371
66,2000	-0,05371
66,3000	-0,05860
66,4000	-0,05371
66,5000	-0,05860
66,6000	-0,05371
66,7000	-0,05371
66,8000	-0,04883
66,9000	-0,05371
67,0000	-0,04883
67,1000	-0,05860
67,2000	-0,05371
67,3000	-0,05860
67,4000	-0,05371
67,5000	-0,05860
67,6000	-0,05371
67,7000	-0,05860
67,8000	-0,04883
67,9000	-0,05860
68,0000	-0,05371
68,1000	-0,05860
68,2000	-0,05371
68,3000	-0,05860
68,4000	-0,05371
68,5000	-0,05860
68,6000	-0,05371
68,7000	-0,05860
68,8000	-0,05371
68,9000	-0,05860
69,0000	-0,05371
69,1000	-0,05860
69,2000	-0,05371
69,3000	-0,05860
69,4000	-0,06348
69,5000	-0,05860
69,6000	-0,06348
69,7000	-0,05860
69,8000	-0,05371
69,9000	-0,05860
70,0000	-0,05371
70,1000	-0,05860
70,2000	-0,05371
70,3000	-0,05860
70,4000	-0,05371
70,5000	-0,05860
70,6000	-0,05860
70,7000	-0,05860
70,8000	-0,05371
70,9000	-0,05860
71,0000	-0,05371
71,1000	-0,05860
71,2000	-0,05371
71,3000	-0,05860
71,4000	-0,05371
71,5000	-0,05860
71,6000	-0,05371
71,7000	-0,05860
71,8000	-0,05371
71,9000	-0,05860
72,0000	-0,05371
72,1000	-0,05860
72,2000	-0,05371
72,3000	-0,05860
72,4000	-0,04883
72,5000	-0,05860
72,6000	-0,04883
72,7000	-0,05860
72,8000	-0,05371
72,9000	-0,05860
73,0000	-0,05371
73,1000	-0,05860
73,2000	-0,05371
73,3000	-0,05860
73,4000	-0,05371
73,5000	-0,05860
73,6000	-0,05371
73,7000	-0,05860
73,8000	-0,05371
73,9000	-0,05860
74,0000	-0,05371
74,1000	-0,05860
74,2000	-0,05371
74,3000	-0,05860
74,4000	-0,05371
74,5000	-0,05860
74,6000	-0,05371
74,7000	-0,05860
74,8000	-0,05371
74,9000	-0,05860
75,0000	-0,05860
75,1000	-0,05860
75,2000	-0,05371
75,3000	-0,05860
75,4000	-0,05371
75,5000	-0,05860
75,6000	-0,05860
75,7000	-0,05860
75,8000	-0,05371
75,9000	-0,05860
76,0000	-0,04883
76,1000	-0,05860
76,2000	-0,05371
76,3000	-0,05860
76,4000	-0,05371
76,5000	-0,05860
76,6000	-0,04883
76,7000	-0,05371
76,8000	-0,03906
76,9000	-0,04883
77,0000	-0,03906
77,1000	-0,05371
77,2000	-0,04883
77,3000	-0,05371
77,4000	-0,04883
77,5000	-0,05371
77,6000	-0,04883
77,7000	-0,05860
77,8000	-0,04883
77,9000	-0,05371
78,0000	-0,04883
78,1000	-0,05371
78,2000	-0,04883
78,3000	-0,05860
78,4000	-0,04883
78,5000	-0,05860
78,6000	-0,04883
78,7000	-0,05371
78,8000	-0,05371
78,9000	-0,05371
79,0000	-0,04883
79,1000	-0,05860
79,2000	-0,04883
79,3000	-0,05860
79,4000	-0,05371
79,5000	-0,05860
79,6000	-0,05371
79,7000	-0,05860
79,8000	-0,04883
79,9000	-0,05860
80,0000	-0,05371
80,1000	-0,05860
80,2000	-0,05371
80,3000	-0,04883
80,4000	-0,03906
80,5000	-0,04883
80,6000	-0,04395
80,7000	-0,05371
80,8000	-0,04883
80,9000	-0,05860
81,0000	-0,04883
81,1000	-0,05371
81,2000	-0,04883
81,3000	-0,05371
81,4000	-0,04883
81,5000	-0,05860
81,6000	-0,04883
81,7000	-0,05860
81,8000	-0,04883
81,9000	-0,05371
82,0000	-0,05371
82,1000	-0,05860
82,2000	-0,05371
82,3000	-0,05860
82,4000	-0,05371
82,5000	-0,05860
82,6000	-0,05371
82,7000	-0,05860
82,8000	-0,04883
82,9000	-0,05860
83,0000	-0,05371
