Tempo ( s )	Pressione ( kPa )
0.0000	-0.02930
0.1000	-0.02441
0.2000	-0.01953
0.3000	-0.02441
0.4000	-0.01953
0.5000	-0.02930
0.6000	-0.02930
0.7000	-0.02441
0.8000	-0.01953
0.9000	-0.02441
1.0000	-0.02930
1.1000	-0.02441
1.2000	-0.03418
1.3000	-0.02441
1.4000	-0.02930
1.5000	-0.02441
1.6000	-0.02930
1.7000	-0.02441
1.8000	-0.02930
1.9000	-0.02441
2.0000	-0.01953
2.1000	-0.02930
2.2000	-0.02930
2.3000	-0.02441
2.4000	-0.02930
2.5000	-0.02441
2.6000	-0.02930
2.7000	-0.02441
2.8000	-0.03418
2.9000	-0.02441
3.0000	-0.01953
3.1000	-0.02441
3.2000	-0.02930
3.3000	-0.02441
3.4000	-0.01953
3.5000	-0.02930
3.6000	-0.01953
3.7000	-0.02441
3.8000	-0.02930
3.9000	-0.02441
4.0000	-0.02930
4.1000	-0.02441
4.2000	-0.02930
4.3000	-0.02441
4.4000	-0.02930
4.5000	-0.02441
4.6000	-0.02930
4.7000	-0.02930
4.8000	-0.02930
4.9000	-0.02441
5.0000	-0.02930
5.1000	-0.02930
5.2000	-0.02930
5.3000	-0.02441
5.4000	-0.02930
5.5000	-0.02441
5.6000	-0.03418
5.7000	-0.02441
5.8000	-0.02930
5.9000	-0.02930
6.0000	-0.02930
6.1000	-0.02441
6.2000	-0.01953
6.3000	-0.02441
6.4000	-0.02930
6.5000	-0.02441
6.6000	-0.01953
6.7000	-0.02441
6.8000	-0.02930
6.9000	-0.02441
7.0000	-0.02930
7.1000	-0.02441
7.2000	-0.03418
7.3000	-0.02441
7.4000	-0.02930
7.5000	-0.02441
7.6000	-0.01953
7.7000	-0.02441
7.8000	-0.02930
7.9000	-0.02930
8.0000	-0.02930
8.1000	-0.02441
8.2000	-0.02930
8.3000	-0.02441
8.4000	-0.01953
8.5000	-0.02930
8.6000	-0.02930
8.7000	-0.02930
8.8000	-0.01953
8.9000	-0.02441
9.0000	-0.01953
9.1000	-0.02930
9.2000	-0.02930
9.3000	-0.02441
9.4000	-0.02930
9.5000	-0.02441
9.6000	-0.01953
9.7000	-0.02930
9.8000	-0.01953
9.9000	-0.02930
10.0000	-0.02930
10.1000	-0.02441
10.2000	-0.02930
10.3000	-0.02441
10.4000	-0.03418
10.5000	-0.02930
10.6000	-0.02930
10.7000	-0.02441
10.8000	-0.02930
10.9000	-0.02441
11.0000	-0.02930
11.1000	-0.02441
11.2000	-0.02930
11.3000	-0.02441
11.4000	-0.02930
11.5000	-0.02441
11.6000	-0.02930
11.7000	-0.02930
11.8000	-0.03418
11.9000	-0.02441
12.0000	-0.02930
12.1000	-0.02930
12.2000	-0.02930
12.3000	-0.02441
12.4000	-0.03418
12.5000	-0.02930
12.6000	-0.03418
12.7000	-0.02441
12.8000	-0.02930
12.9000	-0.02441
13.0000	-0.01953
13.1000	-0.02441
13.2000	-0.01953
13.3000	-0.02930
13.4000	-0.02930
13.5000	-0.02930
13.6000	-0.02930
13.7000	-0.02930
13.8000	-0.02930
13.9000	-0.02441
14.0000	-0.01953
14.1000	-0.02930
14.2000	-0.02930
14.3000	-0.02441
14.4000	-0.02930
14.5000	-0.02930
14.6000	-0.03418
14.7000	-0.02441
14.8000	-0.03418
14.9000	-0.02441
15.0000	-0.02930
15.1000	-0.02441
15.2000	-0.02930
15.3000	-0.02930
15.4000	-0.02930
15.5000	-0.02441
15.6000	-0.03418
15.7000	-0.02441
15.8000	-0.02930
15.9000	-0.02441
16.0000	-0.03418
16.1000	-0.02930
16.2000	-0.01953
16.3000	-0.02930
16.4000	-0.03418
16.5000	-0.02441
16.6000	-0.02930
16.7000	-0.02930
16.8000	-0.02930
16.9000	-0.02930
17.0000	-0.02930
17.1000	-0.02441
17.2000	-0.02930
17.3000	-0.02441
17.4000	-0.02930
17.5000	-0.02441
17.6000	-0.02930
17.7000	-0.02930
17.8000	-0.02930
17.9000	-0.02441
18.0000	-0.02930
18.1000	-0.02441
18.2000	-0.02930
18.3000	-0.02441
18.4000	-0.02930
18.5000	-0.02930
18.6000	-0.02930
18.7000	-0.02441
18.8000	-0.02930
18.9000	-0.02930
19.0000	-0.02930
19.1000	-0.02441
19.2000	-0.02930
19.3000	-0.02441
19.4000	-0.02930
19.5000	-0.02930
19.6000	-0.02930
19.7000	-0.02441
19.8000	-0.03418
19.9000	-0.02930
20.0000	-0.02930
20.1000	-0.02441
20.2000	-0.03418
20.3000	-0.02441
20.4000	-0.01953
20.5000	-0.02930
20.6000	-0.02930
20.7000	-0.02441
20.8000	-0.02930
20.9000	-0.02441
21.0000	-0.02930
21.1000	-0.02441
21.2000	-0.02930
21.3000	-0.02441
21.4000	-0.03418
21.5000	-0.02930
21.6000	-0.02930
21.7000	-0.02930
21.8000	-0.01953
21.9000	-0.02441
22.0000	-0.03418
22.1000	-0.02441
22.2000	-0.02930
22.3000	-0.02441
22.4000	-0.02930
22.5000	-0.02930
22.6000	-0.02930
22.7000	-0.02441
22.8000	-0.03418
22.9000	-0.02930
23.0000	-0.02930
23.1000	-0.02441
23.2000	-0.02930
23.3000	-0.02441
23.4000	-0.02930
23.5000	-0.02441
23.6000	-0.01953
23.7000	-0.02930
23.8000	-0.01953
23.9000	-0.02441
24.0000	-0.02930
24.1000	-0.02930
24.2000	-0.02930
24.3000	-0.02441
24.4000	-0.02930
24.5000	-0.02441
24.6000	-0.02930
24.7000	-0.02441
24.8000	-0.02930
24.9000	-0.02930
25.0000	-0.01953
25.1000	-0.02441
25.2000	-0.02930
25.3000	-0.02441
25.4000	-0.01953
25.5000	-0.02930
25.6000	-0.02930
25.7000	-0.02441
25.8000	-0.02930
25.9000	-0.02441
26.0000	-0.02930
26.1000	-0.02441
26.2000	-0.02930
26.3000	-0.02930
26.4000	-0.02930
26.5000	-0.02930
26.6000	-0.02930
26.7000	-0.02441
26.8000	-0.02930
26.9000	-0.02930
27.0000	-0.03418
27.1000	-0.02441
27.2000	-0.02930
27.3000	-0.02441
27.4000	-0.02930
27.5000	-0.02930
27.6000	-0.02930
27.7000	-0.02930
27.8000	-0.02930
27.9000	-0.02441
28.0000	-0.03418
28.1000	-0.02930
28.2000	-0.03418
28.3000	-0.02930
28.4000	-0.01953
28.5000	-0.02441
28.6000	-0.03418
28.7000	-0.02441
28.8000	-0.02930
28.9000	-0.02930
29.0000	-0.02930
29.1000	-0.02930
29.2000	-0.02930
29.3000	-0.02441
29.4000	-0.02930
29.5000	0.17090
29.6000	0.27345
29.7000	0.44435
29.8000	0.66897
29.9000	0.70315
30.0000	0.68361
30.1000	0.67385
30.2000	0.68850
30.3000	0.69338
30.4000	0.68361
30.5000	0.67873
30.6000	0.68361
30.7000	0.67873
30.8000	0.68361
30.9000	0.67873
31.0000	0.68361
31.1000	0.68850
31.2000	0.68361
31.3000	0.67873
31.4000	0.68361
31.5000	0.68850
31.6000	0.68361
31.7000	0.69826
31.8000	0.68850
31.9000	0.69338
32.0000	0.68850
32.1000	0.68850
32.2000	0.68361
32.3000	0.67873
32.4000	0.68361
32.5000	0.69338
32.6000	0.72268
32.7000	0.75198
32.8000	0.74221
32.9000	0.75686
33.0000	0.78127
33.1000	0.82522
33.2000	0.83987
33.3000	0.84964
33.4000	0.84475
33.5000	0.85452
33.6000	0.84475
33.7000	0.85452
33.8000	0.85940
33.9000	0.84964
34.0000	0.84475
34.1000	0.85452
34.2000	0.84964
34.3000	0.85452
34.4000	0.85940
34.5000	0.85452
34.6000	0.85940
34.7000	0.85452
34.8000	0.84964
34.9000	0.86917
35.0000	0.85940
35.1000	0.85452
35.2000	0.85940
35.3000	0.85940
35.4000	0.85940
35.5000	0.86428
35.6000	0.87893
35.7000	0.86428
35.8000	0.86428
35.9000	0.85452
36.0000	0.85940
36.1000	0.85940
36.2000	0.85940
36.3000	0.86428
36.4000	0.85940
36.5000	0.86917
36.6000	0.86428
36.7000	0.86917
36.8000	0.86917
36.9000	0.86917
37.0000	0.85940
37.1000	0.85940
37.2000	0.85940
37.3000	0.85452
37.4000	0.85940
37.5000	0.85452
37.6000	0.84964
37.7000	0.84964
37.8000	0.85940
37.9000	0.85452
38.0000	0.84475
38.1000	0.84964
38.2000	0.84964
38.3000	0.85452
38.4000	0.85940
38.5000	0.86428
38.6000	0.85940
38.7000	0.86428
38.8000	0.86428
38.9000	0.85940
39.0000	0.85940
39.1000	0.86428
39.2000	0.85940
39.3000	0.85940
39.4000	0.85940
39.5000	0.84475
39.6000	0.83987
39.7000	0.84964
39.8000	0.85940
39.9000	0.85940
40.0000	0.85940
40.1000	0.85452
40.2000	0.85940
40.3000	0.85452
40.4000	0.85940
40.5000	0.85940
40.6000	0.85940
40.7000	0.86428
40.8000	0.85940
40.9000	0.85940
41.0000	0.85940
41.1000	0.85452
41.2000	0.85940
41.3000	0.85940
41.4000	0.85940
41.5000	0.86428
41.6000	0.85940
41.7000	0.85940
41.8000	0.85940
41.9000	0.85452
42.0000	0.82522
42.1000	0.83499
42.2000	0.84475
42.3000	0.85452
42.4000	0.85940
42.5000	0.84475
42.6000	0.81545
42.7000	0.83010
42.8000	0.83987
42.9000	0.83987
43.0000	0.83987
43.1000	0.84964
43.2000	0.83010
43.3000	-0.13184
43.4000	-0.02930
43.5000	0.00000
43.6000	0.00000
43.7000	0.00000
43.8000	0.00000
43.9000	0.00000
44.0000	-0.01953
44.1000	0.00000
44.2000	0.00000
44.3000	0.00000
44.4000	0.00000
44.5000	0.00000
44.6000	0.00000
44.7000	0.00000
44.8000	-0.00977
44.9000	0.00000
45.0000	0.00000
45.1000	0.00000
45.2000	-0.01953
45.3000	-0.02441
45.4000	-0.01953
45.5000	-0.02930
45.6000	-0.03906
45.7000	-0.04395
45.8000	-0.05371
45.9000	-0.03906
46.0000	-0.05371
46.1000	-0.05371
46.2000	-0.05371
46.3000	-0.05860
46.4000	-0.05860
46.5000	-0.05371
46.6000	-0.05860
46.7000	-0.04883
46.8000	-0.05860
46.9000	-0.06348
47.0000	-0.05860
47.1000	-0.05860
47.2000	-0.05860
47.3000	-0.05371
47.4000	-0.05860
47.5000	-0.05371
47.6000	-0.05860
47.7000	-0.05371
47.8000	-0.05860
47.9000	-0.05371
48.0000	-0.05860
48.1000	-0.04883
48.2000	-0.05860
48.3000	-0.05371
48.4000	-0.05860
48.5000	-0.06348
48.6000	-0.05860
48.7000	-0.05860
48.8000	-0.05860
48.9000	-0.05860
49.0000	-0.06836
49.1000	-0.06348
49.2000	-0.05860
49.3000	-0.06348
49.4000	-0.05860
49.5000	-0.06348
49.6000	-0.05860
49.7000	-0.06348
49.8000	-0.05860
49.9000	-0.06348
50.0000	-0.05860
50.1000	-0.05371
50.2000	-0.05860
50.3000	-0.06348
50.4000	-0.05860
50.5000	-0.06348
50.6000	-0.05860
50.7000	-0.05860
50.8000	-0.05860
50.9000	-0.06348
51.0000	-0.05860
51.1000	-0.06348
51.2000	-0.05860
51.3000	-0.06348
51.4000	-0.05860
51.5000	-0.05371
51.6000	-0.05860
51.7000	-0.05860
51.8000	-0.05860
51.9000	-0.06348
52.0000	-0.05860
52.1000	-0.06348
52.2000	-0.05860
52.3000	-0.06348
52.4000	-0.05860
52.5000	-0.06348
52.6000	-0.05860
52.7000	-0.06348
52.8000	-0.05860
52.9000	-0.05860
53.0000	-0.05860
53.1000	-0.06348
53.2000	-0.05860
53.3000	-0.05860
53.4000	-0.05860
53.5000	-0.06348
53.6000	-0.05860
53.7000	-0.06348
53.8000	-0.05860
53.9000	-0.06348
54.0000	-0.05860
54.1000	-0.05371
54.2000	-0.05860
54.3000	-0.05860
54.4000	-0.05860
54.5000	-0.06348
54.6000	-0.05860
54.7000	-0.06348
54.8000	-0.05860
54.9000	-0.06348
55.0000	-0.05860
55.1000	-0.06348
55.2000	-0.05860
55.3000	-0.06348
55.4000	-0.05860
55.5000	-0.05860
55.6000	-0.05860
55.7000	-0.06348
55.8000	-0.05860
55.9000	-0.05860
56.0000	-0.05860
56.1000	-0.06348
56.2000	-0.05860
56.3000	-0.05860
56.4000	-0.05860
56.5000	-0.05860
56.6000	-0.05860
56.7000	-0.06348
56.8000	-0.05860
56.9000	-0.06348
57.0000	-0.05860
57.1000	-0.06348
57.2000	-0.05860
57.3000	-0.05860
57.4000	-0.05860
57.5000	-0.06348
57.6000	-0.05860
57.7000	-0.05860
57.8000	-0.05860
57.9000	-0.06348
58.0000	-0.05860
58.1000	-0.05860
58.2000	-0.05860
58.3000	-0.05860
58.4000	-0.05860
58.5000	-0.06348
58.6000	-0.05860
58.7000	-0.06348
58.8000	-0.05860
58.9000	-0.06348
59.0000	-0.05860
59.1000	-0.06348
59.2000	-0.05860
59.3000	-0.06348
59.4000	-0.05860
59.5000	-0.05860
59.6000	-0.05860
59.7000	-0.06348
59.8000	-0.05860
59.9000	-0.05371
60.0000	-0.05860
60.1000	-0.05860
60.2000	-0.05860
60.3000	-0.05860
60.4000	-0.05860
60.5000	-0.05371
60.6000	-0.05860
60.7000	-0.06348
60.8000	-0.05860
60.9000	-0.05371
61.0000	-0.05860
61.1000	-0.05860
61.2000	-0.05860
61.3000	-0.06348
61.4000	-0.05860
61.5000	-0.06348
61.6000	-0.05860
61.7000	-0.05860
61.8000	-0.04883
61.9000	-0.05371
62.0000	-0.05860
62.1000	-0.04883
62.2000	-0.05860
62.3000	-0.05371
62.4000	-0.05860
62.5000	-0.05371
62.6000	-0.05860
62.7000	-0.05860
62.8000	-0.05860
62.9000	-0.05860
63.0000	-0.05860
63.1000	-0.05371
63.2000	-0.05860
63.3000	-0.04883
63.4000	-0.05371
63.5000	-0.05371
63.6000	-0.05860
63.7000	-0.05371
63.8000	-0.05860
63.9000	-0.05371
64.0000	-0.05860
64.1000	-0.05371
64.2000	-0.05860
64.3000	-0.05371
64.4000	-0.05860
64.5000	-0.05860
64.6000	-0.05860
64.7000	-0.06348
64.8000	-0.05860
64.9000	-0.05860
65.0000	-0.05860
65.1000	-0.06348
65.2000	-0.05860
65.3000	-0.06348
65.4000	-0.05860
65.5000	-0.05860
65.6000	-0.05860
65.7000	-0.05371
65.8000	-0.05860
65.9000	-0.05371
66.0000	-0.05860
66.1000	-0.05860
66.2000	-0.05860
66.3000	-0.05860
66.4000	-0.05860
66.5000	-0.06348
66.6000	-0.05860
66.7000	-0.05371
66.8000	-0.05860
66.9000	-0.06348
67.0000	-0.05860
67.1000	-0.05371
67.2000	-0.05860
67.3000	-0.05860
67.4000	-0.05860
67.5000	-0.05371
67.6000	-0.05860
67.7000	-0.05860
67.8000	-0.05860
67.9000	-0.05860
68.0000	-0.05860
68.1000	-0.06348
68.2000	-0.05860
68.3000	-0.05860
68.4000	-0.05860
68.5000	-0.05860
68.6000	-0.05860
68.7000	-0.06348
68.8000	-0.05860
68.9000	-0.05860
69.0000	-0.05860
69.1000	-0.05371
69.2000	-0.05860
69.3000	-0.05860
69.4000	-0.05860
69.5000	-0.05860
69.6000	-0.05860
69.7000	-0.05860
69.8000	-0.05860
69.9000	-0.04395
70.0000	-0.05860
70.1000	-0.05371
70.2000	-0.05371
70.3000	-0.05371
70.4000	-0.05860
70.5000	-0.05371
70.6000	-0.05860
70.7000	-0.05371
70.8000	-0.05860
70.9000	-0.04883
71.0000	-0.05860
71.1000	-0.05371
71.2000	-0.05860
71.3000	-0.05371
71.4000	-0.05860
71.5000	-0.05371
71.6000	-0.05860
71.7000	-0.04883
71.8000	-0.05860
71.9000	-0.05371
72.0000	-0.05860
72.1000	-0.05371
72.2000	-0.05860
72.3000	-0.05371
72.4000	-0.05860
72.5000	-0.05860
72.6000	-0.05860
72.7000	-0.05860
72.8000	-0.05860
72.9000	-0.05860
73.0000	-0.05860
73.1000	-0.04883
73.2000	-0.05371
73.3000	-0.04883
73.4000	-0.05860
73.5000	-0.05371
73.6000	-0.05860
73.7000	-0.05371
73.8000	-0.05860
73.9000	-0.05371
74.0000	-0.05860
74.1000	-0.05371
74.2000	-0.05860
74.3000	-0.05860
74.4000	-0.05860
74.5000	-0.05860
74.6000	-0.05860
74.7000	-0.05371
74.8000	-0.05860
74.9000	-0.05371
75.0000	-0.05860
75.1000	-0.05371
75.2000	-0.05860
75.3000	-0.05371
75.4000	-0.05860
75.5000	-0.05371
75.6000	-0.05860
75.7000	-0.05371
75.8000	-0.05860
75.9000	-0.05371
76.0000	-0.05860
76.1000	-0.05371
76.2000	-0.04883
76.3000	-0.04883
76.4000	-0.05371
76.5000	-0.04883
76.6000	-0.05371
76.7000	-0.04883
76.8000	-0.05860
76.9000	-0.05371
77.0000	-0.05860
77.1000	-0.05371
77.2000	-0.05860
77.3000	-0.05371
77.4000	-0.05860
77.5000	-0.05371
77.6000	-0.05860
77.7000	-0.05860
77.8000	-0.05860
77.9000	-0.05860
78.0000	-0.05860
78.1000	-0.05860
78.2000	-0.05860
78.3000	-0.05371
78.4000	-0.05860
78.5000	-0.05860
78.6000	-0.05860
78.7000	-0.05860
78.8000	-0.05860
78.9000	-0.06348
79.0000	-0.05860
79.1000	-0.05860
79.2000	-0.05860
79.3000	-0.05860
79.4000	-0.05860
79.5000	-0.05860
79.6000	-0.05860
79.7000	-0.06348
79.8000	-0.05860
79.9000	-0.05371
80.0000	-0.05860
80.1000	-0.06348
80.2000	-0.05860
80.3000	-0.06348
80.4000	-0.05860
80.5000	-0.06348
80.6000	-0.05860
80.7000	-0.06348
80.8000	-0.05860
80.9000	-0.05860
81.0000	-0.05860
81.1000	-0.06348
81.2000	-0.05860
81.3000	-0.06348
81.4000	-0.05860
81.5000	-0.06348
81.6000	-0.05860
81.7000	-0.05860
81.8000	-0.05860
81.9000	-0.06348
82.0000	-0.05860
82.1000	-0.06348
82.2000	-0.05860
82.3000	-0.06348
82.4000	-0.05860
82.5000	-0.06348
82.6000	-0.05860
82.7000	-0.06348
82.8000	-0.05860
82.9000	-0.06348
83.0000	-0.05860
83.1000	-0.06348
83.2000	-0.05860
83.3000	-0.06348
83.4000	-0.05860
83.5000	-0.06348
83.6000	-0.05860
83.7000	-0.05860
83.8000	-0.05860
83.9000	-0.06348
84.0000	-0.05860
84.1000	-0.06348
84.2000	-0.06836
84.3000	-0.06348
84.4000	-0.05860
84.5000	-0.06348
84.6000	-0.05860
84.7000	-0.06348
84.8000	-0.05860
84.9000	-0.05371
85.0000	-0.05860
85.1000	-0.05860
85.2000	-0.05860
85.3000	-0.05860
85.4000	-0.05860
85.5000	-0.06348
85.6000	-0.05860
85.7000	-0.06348
85.8000	-0.05860
85.9000	-0.05371
86.0000	-0.05860
86.1000	-0.06348
86.2000	-0.05860
86.3000	-0.05860
86.4000	-0.05860
86.5000	-0.05860
86.6000	-0.05860
86.7000	-0.06348
86.8000	-0.05860
86.9000	-0.05371
87.0000	-0.05860
87.1000	-0.05860
87.2000	-0.05860
87.3000	-0.05371
87.4000	-0.05860
87.5000	-0.05371
87.6000	-0.05860
87.7000	-0.05860
87.8000	-0.05860
87.9000	-0.06348
88.0000	-0.05860
88.1000	-0.05371
88.2000	-0.05860
88.3000	-0.05860
88.4000	-0.05860
88.5000	-0.06348
88.6000	-0.05860
88.7000	-0.06348
88.8000	-0.05860
88.9000	-0.05371
89.0000	-0.05860
89.1000	-0.06348
89.2000	-0.05860
89.3000	-0.05371
89.4000	-0.05860
89.5000	-0.05860
89.6000	-0.05860
89.7000	-0.05860
89.8000	-0.05860
89.9000	-0.05860
90.0000	-0.05860
90.1000	-0.05371
90.2000	-0.05860
90.3000	-0.05860
90.4000	-0.05860
90.5000	-0.05860
90.6000	-0.05860
90.7000	-0.05371
90.8000	-0.05860
90.9000	-0.04883
91.0000	-0.05860
91.1000	-0.04883
91.2000	-0.05860
91.3000	-0.05371
91.4000	-0.05860
91.5000	-0.05371
91.6000	-0.05860
91.7000	-0.04883
91.8000	-0.05860
91.9000	-0.05371
92.0000	-0.05860
92.1000	-0.05371
92.2000	-0.05860
92.3000	-0.05371
92.4000	-0.05860
92.5000	-0.06348
92.6000	-0.05860
92.7000	-0.05371
92.8000	-0.05860
92.9000	-0.05860
93.0000	-0.05860
93.1000	-0.05371
93.2000	-0.05860
93.3000	-0.05371
93.4000	-0.05860
93.5000	-0.05371
93.6000	-0.05860
93.7000	-0.05371
93.8000	-0.05860
93.9000	-0.05371
94.0000	-0.05860
94.1000	-0.05371
94.2000	-0.05860
94.3000	-0.04883
94.4000	-0.05860
94.5000	-0.05371
94.6000	-0.05860
94.7000	-0.05371
94.8000	-0.05860
94.9000	-0.05371
95.0000	-0.05860
95.1000	-0.05371
95.2000	-0.05860
95.3000	-0.05371
95.4000	-0.05860
95.5000	-0.05371
95.6000	-0.05860
95.7000	-0.05371
95.8000	-0.05860
95.9000	-0.05371
96.0000	-0.05860
96.1000	-0.05371
96.2000	-0.05860
96.3000	-0.04883
96.4000	-0.05860
96.5000	-0.05371
96.6000	-0.05860
96.7000	-0.05371
96.8000	-0.05860
96.9000	-0.05860
97.0000	-0.05860
97.1000	-0.05371
97.2000	-0.05860
97.3000	-0.04883
97.4000	-0.05860
97.5000	-0.05371
97.6000	-0.05860
97.7000	-0.05371
97.8000	-0.05860
97.9000	-0.05371
98.0000	-0.05860
98.1000	-0.05371
98.2000	-0.05860
98.3000	-0.05371
98.4000	-0.05860
98.5000	-0.05371
98.6000	-0.05860
98.7000	-0.05860
98.8000	-0.05860
98.9000	-0.05371
99.0000	-0.05860
99.1000	-0.05371
99.2000	-0.05371
99.3000	-0.04883
99.4000	-0.05860
99.5000	-0.05860
99.6000	-0.05860
99.7000	-0.05371
99.8000	-0.05860
99.9000	-0.05860
100.0000	-0.05860
100.1000	-0.05860
100.2000	-0.05860
100.3000	-0.05371
100.4000	-0.05860
100.5000	-0.05371
100.6000	-0.05860
100.7000	-0.06348
100.8000	-0.05860
100.9000	-0.05371
101.0000	-0.05860
101.1000	-0.05371
101.2000	-0.05860
101.3000	-0.05371
101.4000	-0.05860
101.5000	-0.05371
101.6000	-0.05860
101.7000	-0.05371
101.8000	-0.05860
101.9000	-0.05371
102.0000	-0.05860
102.1000	-0.05371
102.2000	-0.05860
102.3000	-0.05371
102.4000	-0.05860
102.5000	-0.05371
102.6000	-0.05860
102.7000	-0.05371
102.8000	-0.05860
102.9000	-0.05860
103.0000	-0.05860
103.1000	-0.05860
103.2000	-0.05860
103.3000	-0.05371
103.4000	-0.05860
103.5000	-0.05371
103.6000	-0.05860
103.7000	-0.05371
103.8000	-0.05860
103.9000	-0.05371
104.0000	-0.05860
104.1000	-0.05371
104.2000	-0.05860
104.3000	-0.05371
104.4000	-0.05860
104.5000	-0.05371
104.6000	-0.05860
104.7000	-0.05371
104.8000	-0.05860
104.9000	-0.05371
105.0000	-0.05860
105.1000	-0.05371
105.2000	-0.05860
105.3000	-0.05371
105.4000	-0.05860
105.5000	-0.05860
105.6000	-0.05860
105.7000	-0.04883
105.8000	-0.05860
105.9000	-0.02930
106.0000	-0.03906
106.1000	-0.02930
106.2000	-0.02930
106.3000	-0.02930
106.4000	-0.03418
106.5000	-0.02930
106.6000	-0.03418
106.7000	-0.02930
106.8000	-0.03906
106.9000	-0.02930
107.0000	-0.03418
107.1000	-0.02930
107.2000	-0.03906
107.3000	-0.03418
107.4000	-0.03906
