Tempo ( s )	Pressione ( kPa )
0.0000	-0.02441
0.1000	-0.01953
0.2000	-0.02441
0.3000	-0.01953
0.4000	-0.02441
0.5000	-0.01953
0.6000	-0.02441
0.7000	-0.01953
0.8000	-0.02441
0.9000	-0.01953
1.0000	-0.02441
1.1000	-0.01953
1.2000	-0.02441
1.3000	-0.01953
1.4000	-0.02441
1.5000	-0.01953
1.6000	-0.02441
1.7000	-0.01953
1.8000	-0.02441
1.9000	-0.01953
2.0000	-0.02441
2.1000	-0.01953
2.2000	-0.02441
2.3000	-0.01953
2.4000	-0.02441
2.5000	-0.02930
2.6000	-0.02441
2.7000	-0.01953
2.8000	-0.02441
2.9000	-0.01953
3.0000	-0.02441
3.1000	-0.01953
3.2000	-0.02441
3.3000	-0.02441
3.4000	-0.02441
3.5000	-0.01953
3.6000	-0.02441
3.7000	-0.01953
3.8000	-0.02441
3.9000	-0.01953
4.0000	-0.02441
4.1000	-0.02930
4.2000	-0.02441
4.3000	-0.02930
4.4000	-0.02441
4.5000	-0.01953
4.6000	-0.02441
4.7000	-0.01953
4.8000	-0.02441
4.9000	-0.01953
5.0000	-0.02441
5.1000	-0.01953
5.2000	-0.02441
5.3000	-0.01953
5.4000	-0.02441
5.5000	-0.01953
5.6000	-0.02441
5.7000	-0.01953
5.8000	-0.02441
5.9000	-0.01953
6.0000	-0.02441
6.1000	-0.01953
6.2000	-0.02441
6.3000	-0.01953
6.4000	-0.02441
6.5000	-0.01953
6.6000	-0.02441
6.7000	-0.01953
6.8000	-0.02441
6.9000	-0.01953
7.0000	-0.02441
7.1000	-0.01953
7.2000	-0.02441
7.3000	-0.01953
7.4000	-0.02441
7.5000	-0.01953
7.6000	-0.02441
7.7000	-0.01953
7.8000	-0.02441
7.9000	-0.01953
8.0000	-0.02441
8.1000	-0.01953
8.2000	-0.02441
8.3000	-0.01953
8.4000	-0.02441
8.5000	-0.01953
8.6000	-0.02441
8.7000	-0.01953
8.8000	-0.02441
8.9000	-0.01953
9.0000	-0.02441
9.1000	-0.01953
9.2000	-0.02441
9.3000	-0.01953
9.4000	-0.02441
9.5000	-0.01953
9.6000	-0.02441
9.7000	-0.02930
9.8000	-0.02441
9.9000	-0.02930
10.0000	-0.02441
10.1000	-0.01953
10.2000	-0.02441
10.3000	-0.01953
10.4000	-0.02441
10.5000	-0.01953
10.6000	-0.02441
10.7000	-0.02930
10.8000	-0.02441
10.9000	-0.01953
11.0000	-0.02441
11.1000	-0.01953
11.2000	-0.02441
11.3000	-0.01953
11.4000	-0.02441
11.5000	-0.02930
11.6000	-0.02441
11.7000	-0.01953
11.8000	-0.02441
11.9000	-0.02930
12.0000	-0.02441
12.1000	-0.01953
12.2000	-0.02441
12.3000	-0.01953
12.4000	-0.02441
12.5000	-0.01953
12.6000	-0.02441
12.7000	-0.01953
12.8000	-0.02441
12.9000	-0.01953
13.0000	-0.02441
13.1000	-0.01953
13.2000	-0.01953
13.3000	-0.01953
13.4000	-0.02441
13.5000	-0.01953
13.6000	-0.02441
13.7000	-0.01953
13.8000	-0.02441
13.9000	-0.01953
14.0000	-0.02441
14.1000	-0.01953
14.2000	-0.02441
14.3000	-0.01953
14.4000	-0.02441
14.5000	-0.01953
14.6000	-0.02441
14.7000	-0.01953
14.8000	-0.02441
14.9000	-0.01953
15.0000	-0.02441
15.1000	-0.01953
15.2000	-0.01953
15.3000	-0.01953
15.4000	-0.02441
15.5000	-0.01953
15.6000	-0.02441
15.7000	-0.01953
15.8000	-0.02441
15.9000	-0.01953
16.0000	-0.02441
16.1000	-0.01953
16.2000	-0.02441
16.3000	-0.01953
16.4000	-0.02441
16.5000	-0.01953
16.6000	-0.02441
16.7000	-0.01953
16.8000	-0.02441
16.9000	-0.02930
17.0000	-0.02441
17.1000	-0.01953
17.2000	-0.02441
17.3000	-0.01953
17.4000	-0.02441
17.5000	-0.01953
17.6000	-0.02441
17.7000	-0.01953
17.8000	-0.02441
17.9000	-0.02930
18.0000	-0.02441
18.1000	-0.01953
18.2000	-0.02441
18.3000	-0.01953
18.4000	-0.02441
18.5000	-0.01953
18.6000	-0.02441
18.7000	-0.01953
18.8000	-0.02441
18.9000	-0.01953
19.0000	-0.02441
19.1000	-0.01953
19.2000	-0.02441
19.3000	-0.01953
19.4000	-0.02441
19.5000	-0.01953
19.6000	-0.02441
19.7000	-0.01953
19.8000	-0.02441
19.9000	-0.01953
20.0000	-0.02441
20.1000	-0.01953
20.2000	-0.02441
20.3000	-0.01953
20.4000	-0.02441
20.5000	-0.01953
20.6000	-0.02441
20.7000	-0.01953
20.8000	-0.02441
20.9000	-0.01953
21.0000	-0.02441
21.1000	-0.01953
21.2000	-0.02441
21.3000	-0.01953
21.4000	-0.02441
21.5000	-0.01953
21.6000	-0.02441
21.7000	-0.01953
21.8000	-0.02441
21.9000	-0.01953
22.0000	-0.02441
22.1000	-0.01953
22.2000	0.26368
22.3000	0.57619
22.4000	0.75198
22.5000	0.72268
22.6000	0.70803
22.7000	0.69338
22.8000	0.68361
22.9000	0.68361
23.0000	0.67873
23.1000	0.68361
23.2000	0.67873
23.3000	0.68361
23.4000	0.67873
23.5000	0.68361
23.6000	0.67873
23.7000	0.68361
23.8000	0.67873
23.9000	0.68361
24.0000	0.67873
24.1000	0.68361
24.2000	0.69826
24.3000	0.70315
24.4000	0.69826
24.5000	0.68850
24.6000	0.68850
24.7000	0.68361
24.8000	0.68361
24.9000	0.68361
25.0000	0.69338
25.1000	0.68361
25.2000	0.72756
25.3000	0.76174
25.4000	0.75686
25.5000	0.74221
25.6000	0.74709
25.7000	0.73733
25.8000	0.74221
25.9000	0.72756
26.0000	0.73244
26.1000	0.72756
26.2000	0.72756
26.3000	0.72268
26.4000	0.71780
26.5000	0.72268
26.6000	0.71291
26.7000	0.70315
26.8000	0.70803
26.9000	0.70315
27.0000	0.71780
27.1000	0.72268
27.2000	0.72756
27.3000	0.72268
27.4000	0.72756
27.5000	0.72268
27.6000	0.81057
27.7000	0.76174
27.8000	0.76662
27.9000	0.76662
28.0000	0.75198
28.1000	0.76662
28.2000	0.77151
28.3000	0.76174
28.4000	0.76662
28.5000	0.79104
28.6000	0.76662
28.7000	0.76174
28.8000	0.76662
28.9000	0.76174
29.0000	0.75686
29.1000	0.78616
29.2000	0.88870
29.3000	0.85940
29.4000	0.86917
29.5000	0.85940
29.6000	0.85940
29.7000	0.85940
29.8000	0.86917
29.9000	0.85940
30.0000	0.86428
30.1000	0.85940
30.2000	0.85940
30.3000	0.85940
30.4000	0.85452
30.5000	0.85940
30.6000	0.85940
30.7000	0.86428
30.8000	0.86917
30.9000	0.84964
31.0000	0.84964
31.1000	0.85940
31.2000	0.85940
31.3000	0.85940
31.4000	0.85452
31.5000	0.85940
31.6000	0.86428
31.7000	0.85940
31.8000	0.85940
31.9000	0.85940
32.0000	0.86428
32.1000	0.85940
32.2000	0.85452
32.3000	0.85940
32.4000	0.85452
32.5000	0.84475
32.6000	0.85940
32.7000	0.85940
32.8000	0.85940
32.9000	0.85940
33.0000	0.85452
33.1000	0.85940
33.2000	0.85940
33.3000	0.85940
33.4000	0.86428
33.5000	0.85940
33.6000	0.86917
33.7000	0.86428
33.8000	0.86917
33.9000	0.85940
34.0000	0.85940
34.1000	0.85940
34.2000	0.85940
34.3000	0.85940
34.4000	0.86917
34.5000	0.86428
34.6000	0.86917
34.7000	0.86428
34.8000	0.85940
34.9000	0.85940
35.0000	0.85940
35.1000	0.85940
35.2000	0.85940
35.3000	0.85940
35.4000	0.86428
35.5000	0.86428
35.6000	0.86428
35.7000	0.85940
35.8000	0.86428
35.9000	0.85940
36.0000	0.86428
36.1000	0.85940
36.2000	0.86917
36.3000	0.85940
36.4000	0.86428
36.5000	0.85940
36.6000	0.86428
36.7000	0.85940
36.8000	0.86917
36.9000	0.86917
37.0000	0.86917
37.1000	0.86428
37.2000	0.86917
37.3000	0.85940
37.4000	0.86917
37.5000	0.86428
37.6000	0.87405
37.7000	0.87893
37.8000	0.87405
37.9000	0.86917
38.0000	0.87405
38.1000	0.86917
38.2000	0.86917
38.3000	0.85940
38.4000	0.86917
38.5000	0.86428
38.6000	0.86917
38.7000	0.86428
38.8000	0.87405
38.9000	0.86917
39.0000	0.86917
39.1000	0.86917
39.2000	0.86917
39.3000	0.86428
39.4000	0.86917
39.5000	0.86428
39.6000	0.86917
39.7000	0.86428
39.8000	0.86917
39.9000	0.85940
40.0000	0.86428
40.1000	0.85940
40.2000	0.86917
40.3000	0.85940
40.4000	0.86917
40.5000	0.85940
40.6000	0.86917
40.7000	0.85940
40.8000	0.86428
40.9000	0.85940
41.0000	0.85940
41.1000	0.85940
41.2000	0.86428
41.3000	0.85940
41.4000	0.86428
41.5000	0.85940
41.6000	0.86428
41.7000	0.85940
41.8000	0.85940
41.9000	0.85940
42.0000	0.86428
42.1000	0.85940
42.2000	0.85940
42.3000	0.85940
42.4000	0.85940
42.5000	0.85940
42.6000	0.86428
42.7000	0.85940
42.8000	0.86428
42.9000	0.85940
43.0000	0.85452
43.1000	0.85940
43.2000	0.86428
43.3000	0.85940
43.4000	0.85940
43.5000	0.85940
43.6000	0.85940
43.7000	0.85940
43.8000	0.85940
43.9000	0.85940
44.0000	0.86428
44.1000	0.85940
44.2000	0.85452
44.3000	0.85940
44.4000	0.85452
44.5000	0.84964
44.6000	0.85452
44.7000	0.84964
44.8000	0.84964
44.9000	0.84475
45.0000	0.84964
45.1000	0.84475
45.2000	0.84964
45.3000	0.83987
45.4000	0.84964
45.5000	0.84475
45.6000	0.84964
45.7000	0.84475
45.8000	0.84475
45.9000	0.83987
46.0000	0.84964
46.1000	0.83987
46.2000	0.84964
46.3000	0.83987
46.4000	0.84964
46.5000	0.84475
46.6000	0.84964
46.7000	0.84475
46.8000	0.84475
46.9000	0.83987
47.0000	0.83499
47.1000	0.83987
47.2000	0.83987
47.3000	0.83987
47.4000	0.83987
47.5000	0.83987
47.6000	0.83987
47.7000	0.83987
47.8000	0.84475
47.9000	0.83987
48.0000	0.84475
48.1000	0.83987
48.2000	0.83499
48.3000	0.83987
48.4000	0.83987
48.5000	0.83987
48.6000	0.83987
48.7000	0.83987
48.8000	0.83987
48.9000	0.83987
49.0000	0.83987
49.1000	0.83987
49.2000	0.83987
49.3000	0.83987
49.4000	0.83987
49.5000	0.83987
49.6000	0.83499
49.7000	0.83987
49.8000	0.83499
49.9000	0.83987
50.0000	0.83499
50.1000	0.83987
50.2000	0.83987
50.3000	0.83987
50.4000	0.83499
50.5000	0.83987
50.6000	0.83987
50.7000	0.83987
50.8000	0.83499
50.9000	0.83987
51.0000	0.83499
51.1000	0.83987
51.2000	0.83499
51.3000	0.83987
51.4000	0.83499
51.5000	0.83987
51.6000	0.83499
51.7000	0.83987
51.8000	0.83499
51.9000	0.83987
52.0000	0.83499
52.1000	0.83987
52.2000	0.83499
52.3000	0.83987
52.4000	0.83499
52.5000	0.83987
52.6000	0.83499
52.7000	0.83010
52.8000	0.83499
52.9000	0.83987
53.0000	0.83499
53.1000	0.83987
53.2000	0.83499
53.3000	0.83987
53.4000	0.83499
53.5000	0.83010
53.6000	0.83499
53.7000	0.83987
53.8000	0.83499
53.9000	0.83010
54.0000	0.83010
54.1000	0.83010
54.2000	0.83499
54.3000	0.83010
54.4000	0.83499
54.5000	0.82522
54.6000	0.82034
54.7000	0.80569
54.8000	0.82034
54.9000	0.81057
55.0000	0.32716
55.1000	0.00000
55.2000	-0.01465
55.3000	0.00000
55.4000	0.00000
55.5000	0.00000
55.6000	0.00000
55.7000	0.00000
55.8000	0.00000
55.9000	0.00000
56.0000	0.00488
56.1000	0.00000
56.2000	0.00000
56.3000	0.00000
56.4000	0.00000
56.5000	0.00000
56.6000	0.00488
56.7000	0.00000
56.8000	0.00000
56.9000	-0.01953
57.0000	-0.02441
57.1000	-0.03418
57.2000	-0.02930
57.3000	-0.04883
57.4000	-0.03906
57.5000	-0.03906
57.6000	-0.03906
57.7000	-0.04883
57.8000	-0.03906
57.9000	-0.04883
58.0000	-0.03906
58.1000	-0.05371
58.2000	-0.05371
58.3000	-0.05860
58.4000	-0.05860
58.5000	-0.05860
58.6000	-0.06348
58.7000	-0.05371
58.8000	-0.06348
58.9000	-0.05860
59.0000	-0.05860
59.1000	-0.05860
59.2000	-0.05860
59.3000	-0.05860
59.4000	-0.05860
59.5000	-0.05860
59.6000	-0.05371
59.7000	-0.05860
59.8000	-0.05371
59.9000	-0.05860
60.0000	-0.05860
60.1000	-0.05860
60.2000	-0.05371
60.3000	-0.05860
60.4000	-0.06348
60.5000	-0.05860
60.6000	-0.05371
60.7000	-0.05860
60.8000	-0.05860
60.9000	-0.05860
61.0000	-0.05371
61.1000	-0.05860
61.2000	-0.05371
61.3000	-0.05860
61.4000	-0.05371
61.5000	-0.05860
61.6000	-0.05371
61.7000	-0.05860
61.8000	-0.05371
61.9000	-0.05860
62.0000	-0.06348
62.1000	-0.05860
62.2000	-0.05371
62.3000	-0.05860
62.4000	-0.05371
62.5000	-0.05860
62.6000	-0.05371
62.7000	-0.05371
62.8000	-0.05860
62.9000	-0.05860
63.0000	-0.05371
63.1000	-0.05860
63.2000	-0.05860
63.3000	-0.05860
63.4000	-0.05371
63.5000	-0.05860
63.6000	-0.05371
63.7000	-0.05860
63.8000	-0.05371
63.9000	-0.05860
64.0000	-0.05371
64.1000	-0.05860
64.2000	-0.06348
64.3000	-0.05860
64.4000	-0.05371
64.5000	-0.05860
64.6000	-0.06348
64.7000	-0.05860
64.8000	-0.06348
64.9000	-0.05860
65.0000	-0.05371
65.1000	-0.05860
65.2000	-0.05371
65.3000	-0.05860
65.4000	-0.04883
65.5000	-0.05860
65.6000	-0.05860
65.7000	-0.05860
65.8000	-0.05371
65.9000	-0.05860
66.0000	-0.05860
66.1000	-0.05860
66.2000	-0.05371
66.3000	-0.05860
66.4000	-0.05371
66.5000	-0.05860
66.6000	-0.05371
66.7000	-0.05860
66.8000	-0.05860
66.9000	-0.05860
67.0000	-0.04883
67.1000	-0.05860
67.2000	-0.05371
67.3000	-0.05860
67.4000	-0.05860
67.5000	-0.05860
67.6000	-0.05860
67.7000	-0.05860
67.8000	-0.05371
67.9000	-0.05860
68.0000	-0.04883
68.1000	-0.05860
68.2000	-0.05371
68.3000	-0.05860
68.4000	-0.05371
68.5000	-0.05860
68.6000	-0.05371
68.7000	-0.05371
68.8000	-0.05371
68.9000	-0.05860
69.0000	-0.04883
69.1000	-0.05371
69.2000	-0.05371
69.3000	-0.05860
69.4000	-0.05860
69.5000	-0.05860
69.6000	-0.04883
69.7000	-0.05860
69.8000	-0.05371
69.9000	-0.05860
70.0000	-0.05371
70.1000	-0.05860
70.2000	-0.05371
70.3000	-0.05860
70.4000	-0.05371
70.5000	-0.05860
70.6000	-0.05371
70.7000	-0.05860
70.8000	-0.05371
70.9000	-0.05860
71.0000	-0.04883
71.1000	-0.05860
71.2000	-0.05860
71.3000	-0.05860
71.4000	-0.05371
71.5000	-0.05860
71.6000	-0.04883
71.7000	-0.05860
71.8000	-0.05371
71.9000	-0.05860
72.0000	-0.05371
72.1000	-0.05860
72.2000	-0.05371
72.3000	-0.05860
72.4000	-0.05371
72.5000	-0.05860
72.6000	-0.04883
72.7000	-0.05860
72.8000	-0.05371
72.9000	-0.05371
73.0000	-0.05371
73.1000	-0.05860
73.2000	-0.04883
73.3000	-0.05371
73.4000	-0.04883
73.5000	-0.05371
73.6000	-0.05371
73.7000	-0.05860
73.8000	-0.05371
73.9000	-0.05371
74.0000	-0.04883
74.1000	-0.05860
74.2000	-0.05371
74.3000	-0.05860
74.4000	-0.05371
74.5000	-0.05860
74.6000	-0.04883
74.7000	-0.05860
74.8000	-0.05371
74.9000	-0.05860
75.0000	-0.05860
75.1000	-0.05860
75.2000	-0.06348
75.3000	-0.05860
75.4000	-0.05860
75.5000	-0.05860
75.6000	-0.05371
75.7000	-0.05860
75.8000	-0.05371
75.9000	-0.05860
76.0000	-0.04883
76.1000	-0.05860
76.2000	-0.05371
76.3000	-0.05860
76.4000	-0.05371
76.5000	-0.05860
76.6000	-0.05371
76.7000	-0.05860
76.8000	-0.05371
76.9000	-0.05860
77.0000	-0.04883
77.1000	-0.05860
77.2000	-0.05371
77.3000	-0.05860
77.4000	-0.04883
77.5000	-0.05860
77.6000	-0.05371
77.7000	-0.05860
77.8000	-0.04883
77.9000	-0.05860
78.0000	-0.03906
78.1000	-0.03906
78.2000	-0.03906
78.3000	-0.05371
78.4000	-0.04883
78.5000	-0.05860
78.6000	-0.04883
78.7000	-0.05860
78.8000	-0.04883
78.9000	-0.05860
79.0000	-0.05371
79.1000	-0.05860
79.2000	-0.03906
79.3000	-0.04883
79.4000	-0.04395
79.5000	-0.04883
79.6000	-0.04395
79.7000	-0.05371
79.8000	-0.05371
79.9000	-0.05860
80.0000	-0.05371
80.1000	-0.05860
80.2000	-0.05371
80.3000	-0.05860
80.4000	-0.04883
80.5000	-0.01953
80.6000	-0.01465
80.7000	-0.02930
80.8000	-0.03418
80.9000	-0.03906
81.0000	-0.03906
81.1000	-0.04883
81.2000	-0.04883
81.3000	-0.05860
81.4000	-0.05860
81.5000	-0.05860
81.6000	-0.05860
81.7000	-0.05860
81.8000	-0.04883
81.9000	-0.05860
82.0000	-0.04883
82.1000	-0.05860
82.2000	-0.04883
82.3000	-0.05860
82.4000	-0.05371
82.5000	-0.05371
82.6000	-0.04883
82.7000	-0.05860
82.8000	-0.04883
82.9000	-0.05371
83.0000	-0.04883
83.1000	-0.05860
83.2000	-0.05371
83.3000	-0.05371
83.4000	-0.04883
83.5000	-0.05371
83.6000	-0.04883
83.7000	-0.05860
83.8000	-0.04883
83.9000	-0.05371
84.0000	-0.05371
84.1000	-0.05371
84.2000	-0.04883
84.3000	-0.05371
84.4000	-0.04883
84.5000	-0.05371
84.6000	-0.04883
84.7000	-0.05860
84.8000	-0.04883
84.9000	-0.05371
85.0000	-0.04883
85.1000	-0.05371
85.2000	-0.04883
85.3000	-0.05371
85.4000	-0.05371
85.5000	-0.05860
85.6000	-0.05371
85.7000	-0.05371
85.8000	-0.04883
85.9000	-0.05371
86.0000	-0.05371
86.1000	-0.05860
86.2000	-0.04883
86.3000	-0.05371
86.4000	-0.04883
86.5000	-0.05371
86.6000	-0.04883
86.7000	-0.05860
86.8000	-0.04883
86.9000	-0.05371
87.0000	-0.04883
87.1000	-0.05371
87.2000	-0.04883
87.3000	-0.05371
87.4000	-0.04395
87.5000	-0.05371
87.6000	-0.04883
87.7000	-0.05371
87.8000	-0.04883
87.9000	-0.05860
88.0000	-0.04883
88.1000	-0.05860
88.2000	-0.05371
88.3000	-0.05860
88.4000	-0.05371
88.5000	-0.05860
88.6000	-0.04883
88.7000	-0.05371
88.8000	-0.04883
88.9000	-0.05860
89.0000	-0.05371
89.1000	-0.05371
89.2000	-0.05371
89.3000	-0.05371
89.4000	-0.05371
89.5000	-0.05371
89.6000	-0.04883
89.7000	-0.05371
89.8000	-0.04883
89.9000	-0.05371
90.0000	-0.04883
90.1000	-0.05860
90.2000	-0.04883
90.3000	-0.05371
90.4000	-0.04883
90.5000	-0.05371
90.6000	-0.04883
90.7000	-0.05371
90.8000	-0.04883
90.9000	-0.05860
91.0000	-0.04883
91.1000	-0.05860
91.2000	-0.04883
91.3000	-0.05860
91.4000	-0.05371
91.5000	-0.05860
91.6000	-0.04883
91.7000	-0.05860
91.8000	-0.04883
91.9000	-0.05371
92.0000	-0.04883
92.1000	-0.05860
92.2000	-0.04883
92.3000	-0.05371
92.4000	-0.05371
92.5000	-0.05860
92.6000	-0.05371
92.7000	-0.05860
92.8000	-0.04883
92.9000	-0.05371
93.0000	-0.05371
93.1000	-0.05860
93.2000	-0.04883
93.3000	-0.05860
93.4000	-0.04883
93.5000	-0.05860
93.6000	-0.04883
93.7000	-0.05371
93.8000	-0.05371
93.9000	-0.05860
94.0000	-0.05371
94.1000	-0.05860
94.2000	-0.05371
94.3000	-0.05860
