Pressione, Can A, Raccolta #12
Tempo ( s )	Pressione ( kPa )
0,0000	-0,01953
0,1000	-0,01953
0,2000	-0,01953
0,3000	-0,01953
0,4000	-0,01953
0,5000	-0,01953
0,6000	-0,01953
0,7000	-0,01953
0,8000	-0,01953
0,9000	-0,01953
1,0000	-0,01953
1,1000	-0,01953
1,2000	-0,01953
1,3000	-0,01953
1,4000	-0,01953
1,5000	-0,01953
1,6000	-0,01953
1,7000	-0,01953
1,8000	-0,01953
1,9000	-0,01953
2,0000	-0,01953
2,1000	0,07813
2,2000	0,88382
2,3000	2,31452
2,4000	4,16028
2,5000	4,30189
2,6000	4,24818
2,7000	4,17982
2,8000	4,12122
2,9000	4,07239
3,0000	4,02844
3,1000	3,99426
3,2000	3,96496
3,3000	3,92590
3,4000	3,90637
3,5000	3,87219
3,6000	3,84777
3,7000	3,82824
3,8000	3,80871
3,9000	3,78918
4,0000	3,76965
4,1000	3,75011
4,2000	3,75011
4,3000	3,73058
4,4000	3,71105
4,5000	3,69640
4,6000	3,69152
4,7000	3,67199
4,8000	3,67199
4,9000	3,65246
5,0000	3,64269
5,1000	3,63292
5,2000	3,62316
5,3000	3,61827
5,4000	3,61339
5,5000	3,59874
5,6000	3,59386
5,7000	3,59386
5,8000	3,57921
5,9000	3,57433
6,0000	3,56456
6,1000	3,55968
6,2000	3,55480
6,3000	3,54991
6,4000	3,54503
6,5000	3,54015
6,6000	3,53526
6,7000	3,53526
6,8000	3,52550
6,9000	3,52062
7,0000	3,51573
7,1000	3,51573
7,2000	3,50597
7,3000	3,50108
7,4000	3,49620
7,5000	3,49620
7,6000	3,49620
7,7000	3,48643
7,8000	3,48155
7,9000	3,48155
8,0000	3,47667
8,1000	3,47667
8,2000	3,46690
8,3000	3,46202
8,4000	3,46202
8,5000	3,45714
8,6000	3,45714
8,7000	3,45714
8,8000	3,44737
8,9000	3,44249
9,0000	3,44249
9,1000	3,43760
9,2000	3,43760
9,3000	3,43760
9,4000	3,43760
9,5000	3,43760
9,6000	3,42296
9,7000	3,42296
9,8000	3,42296
9,9000	3,41807
10,0000	3,41807
10,1000	3,41807
10,2000	3,40831
10,3000	3,40831
10,4000	3,40342
10,5000	3,40342
10,6000	3,39854
10,7000	3,39854
10,8000	3,39854
10,9000	3,39854
11,0000	3,39854
11,1000	3,38878
11,2000	3,38878
11,3000	3,38878
11,4000	3,38389
11,5000	3,37901
11,6000	3,38389
11,7000	3,37901
11,8000	3,37901
11,9000	3,37901
12,0000	3,37901
12,1000	3,37901
12,2000	3,37901
12,3000	3,36436
12,4000	3,36924
12,5000	3,36436
12,6000	3,36436
12,7000	3,36436
12,8000	3,36436
12,9000	3,36436
13,0000	3,35948
13,1000	3,35948
13,2000	3,35948
13,3000	3,35948
13,4000	3,35948
13,5000	3,35948
13,6000	3,35948
13,7000	3,34971
13,8000	3,34971
13,9000	3,34483
14,0000	3,34971
14,1000	3,34483
14,2000	3,34483
14,3000	3,34483
14,4000	3,34483
14,5000	3,33995
14,6000	3,33995
14,7000	3,33995
14,8000	3,33995
14,9000	3,33995
15,0000	3,33995
15,1000	3,33995
15,2000	3,33995
15,3000	3,33995
15,4000	3,33995
15,5000	3,33995
15,6000	3,33995
15,7000	3,33995
15,8000	3,33995
15,9000	3,33018
16,0000	3,33018
16,1000	3,32530
16,2000	3,33018
16,3000	3,32530
16,4000	3,32530
16,5000	3,32530
16,6000	3,32041
16,7000	3,32041
16,8000	3,32530
16,9000	3,32041
17,0000	3,32041
17,1000	3,32041
17,2000	3,32041
17,3000	3,32041
17,4000	3,32041
17,5000	3,31553
17,6000	3,32041
17,7000	3,32041
17,8000	3,32041
17,9000	3,32041
18,0000	3,32041
18,1000	3,31553
18,2000	3,31553
18,3000	3,31065
18,4000	3,31553
18,5000	3,31553
18,6000	3,31553
18,7000	3,31553
18,8000	3,31553
18,9000	3,31065
19,0000	3,31065
19,1000	3,31065
19,2000	3,31065
19,3000	3,30576
19,4000	3,31065
19,5000	3,31065
19,6000	3,30576
19,7000	3,30576
19,8000	3,31065
19,9000	3,30576
20,0000	3,31065
20,1000	3,30088
20,2000	3,30576
20,3000	3,30088
20,4000	3,31065
20,5000	3,30576
20,6000	3,30576
20,7000	3,30576
20,8000	3,30576
20,9000	3,30576
21,0000	3,30576
21,1000	3,30088
21,2000	3,30088
21,3000	3,30088
21,4000	3,30088
21,5000	3,30576
21,6000	3,30088
21,7000	3,30088
21,8000	3,30088
21,9000	3,30088
22,0000	3,30088
22,1000	3,30088
22,2000	3,30088
22,3000	3,30088
22,4000	3,30088
22,5000	3,30088
22,6000	3,30088
22,7000	3,30088
22,8000	3,30088
22,9000	3,30088
23,0000	3,30088
23,1000	3,30088
23,2000	3,30088
23,3000	3,30088
23,4000	3,30088
23,5000	3,30088
23,6000	3,30088
23,7000	3,30088
23,8000	3,30088
23,9000	3,30088
24,0000	3,30088
24,1000	3,30088
24,2000	3,30088
24,3000	3,30088
24,4000	3,30088
24,5000	3,30088
24,6000	3,30088
24,7000	3,30088
24,8000	3,30088
24,9000	3,29112
25,0000	3,29112
25,1000	3,30088
25,2000	3,30088
25,3000	3,29112
25,4000	3,30088
25,5000	3,30088
25,6000	3,30088
25,7000	3,29112
25,8000	3,29112
25,9000	3,29112
26,0000	3,29112
26,1000	3,30088
26,2000	3,29112
26,3000	3,30088
26,4000	3,28623
26,5000	3,29112
26,6000	3,28623
26,7000	3,30088
26,8000	3,29112
26,9000	3,29112
27,0000	3,29112
27,1000	3,29112
27,2000	3,28623
27,3000	3,29112
27,4000	3,28623
27,5000	3,29112
27,6000	3,28623
27,7000	3,29112
27,8000	3,30088
27,9000	3,29112
28,0000	3,30088
28,1000	3,29112
28,2000	3,29112
28,3000	3,28623
28,4000	3,30088
28,5000	3,28623
28,6000	3,29112
28,7000	3,29112
28,8000	3,30088
28,9000	3,29112
29,0000	3,29112
29,1000	3,29112
29,2000	3,29112
29,3000	3,29112
29,4000	3,28623
29,5000	3,29112
29,6000	3,29112
29,7000	3,28623
29,8000	3,28623
29,9000	3,28623
30,0000	3,29112
30,1000	3,28623
30,2000	3,28623
30,3000	3,28623
30,4000	3,28623
30,5000	3,28623
30,6000	3,29112
30,7000	3,28623
30,8000	3,29112
30,9000	3,28623
31,0000	3,28623
31,1000	3,28623
31,2000	3,28623
31,3000	3,28623
31,4000	3,28135
31,5000	3,28623
31,6000	3,28623
31,7000	3,29112
31,8000	3,28623
31,9000	3,29112
32,0000	3,28623
32,1000	3,28623
32,2000	3,28623
32,3000	3,28623
32,4000	3,28623
32,5000	3,28623
32,6000	3,28623
32,7000	3,28623
32,8000	3,28623
32,9000	3,28623
33,0000	3,28623
33,1000	3,28623
33,2000	3,28623
33,3000	3,28135
33,4000	3,28623
33,5000	3,28135
33,6000	3,28623
33,7000	3,28623
33,8000	3,28135
33,9000	3,28623
34,0000	3,28623
34,1000	3,28623
34,2000	3,28135
34,3000	3,28135
34,4000	3,28623
34,5000	3,28135
34,6000	3,28135
34,7000	3,28135
34,8000	3,28623
34,9000	3,28135
35,0000	3,28135
35,1000	3,28135
35,2000	3,28135
35,3000	3,28623
35,4000	3,28623
35,5000	3,28623
35,6000	3,28623
35,7000	3,28623
35,8000	3,28623
35,9000	3,28623
36,0000	3,28623
36,1000	3,28135
36,2000	3,28135
36,3000	3,28135
36,4000	3,28623
36,5000	3,28623
36,6000	3,28623
36,7000	3,28623
36,8000	3,28135
36,9000	3,28623
37,0000	3,28623
37,1000	3,28135
37,2000	3,28623
37,3000	3,28135
37,4000	3,28623
37,5000	3,28135
37,6000	3,28135
37,7000	3,28135
37,8000	3,28135
37,9000	3,28135
38,0000	3,28135
38,1000	3,28135
38,2000	3,28623
38,3000	3,28135
38,4000	3,28623
38,5000	3,28135
38,6000	3,28135
38,7000	3,28135
38,8000	3,28135
38,9000	3,28135
39,0000	3,28135
39,1000	3,28135
39,2000	3,28135
39,3000	3,28135
39,4000	3,28135
39,5000	3,28135
39,6000	3,28135
39,7000	3,28135
39,8000	3,28135
39,9000	3,28623
40,0000	3,28135
40,1000	3,28623
40,2000	3,28135
40,3000	3,28135
40,4000	3,28623
40,5000	3,28135
40,6000	3,28135
40,7000	3,28135
40,8000	3,28135
40,9000	3,28135
41,0000	3,28135
41,1000	3,28135
41,2000	3,28135
41,3000	3,28135
41,4000	3,28135
41,5000	3,28135
41,6000	3,28135
41,7000	3,28135
41,8000	3,28135
41,9000	3,28135
42,0000	3,28623
42,1000	3,28135
42,2000	3,28135
42,3000	3,28135
42,4000	3,28135
42,5000	3,28135
42,6000	3,28135
42,7000	3,28135
42,8000	3,28135
42,9000	3,28135
43,0000	3,28135
43,1000	3,28135
43,2000	3,28135
43,3000	3,28135
43,4000	3,28135
43,5000	3,28135
43,6000	3,28135
43,7000	3,28135
43,8000	3,28135
43,9000	3,28135
44,0000	3,28135
44,1000	3,28135
44,2000	3,28135
44,3000	3,28135
44,4000	3,28135
44,5000	3,28135
44,6000	3,28135
44,7000	3,28135
44,8000	3,28135
44,9000	3,28135
45,0000	3,28135
45,1000	3,28135
45,2000	3,28135
45,3000	3,28135
45,4000	3,28135
45,5000	3,28135
45,6000	3,28135
45,7000	3,28135
45,8000	3,28135
45,9000	3,28135
46,0000	3,28135
46,1000	3,28135
46,2000	3,28135
46,3000	3,28135
46,4000	3,28135
46,5000	3,28135
46,6000	3,28135
46,7000	3,28135
46,8000	3,28135
46,9000	3,28135
47,0000	3,28135
47,1000	3,28135
47,2000	3,28135
47,3000	3,28135
47,4000	3,28135
47,5000	3,28135
47,6000	3,28135
47,7000	3,28135
47,8000	3,28135
47,9000	3,28135
48,0000	3,28135
48,1000	3,28135
48,2000	3,28135
48,3000	3,28135
48,4000	3,28135
48,5000	3,28135
48,6000	3,28135
48,7000	3,28135
48,8000	3,28135
48,9000	3,28135
49,0000	3,28135
49,1000	3,28135
49,2000	3,28135
49,3000	3,28135
49,4000	3,28135
49,5000	3,28135
49,6000	3,28135
49,7000	3,28135
49,8000	3,28135
49,9000	3,28135
50,0000	3,28135
50,1000	3,28135
50,2000	3,28135
50,3000	3,28135
50,4000	3,28135
50,5000	3,28135
50,6000	3,28623
50,7000	3,28135
50,8000	3,28135
50,9000	3,28135
51,0000	3,28135
51,1000	3,28135
51,2000	3,28135
51,3000	3,28135
51,4000	3,28135
51,5000	3,28135
51,6000	3,28135
51,7000	3,28135
51,8000	3,28135
51,9000	3,28135
52,0000	3,28135
52,1000	3,28135
52,2000	3,28135
52,3000	3,28135
52,4000	3,28135
52,5000	3,28135
52,6000	3,28135
52,7000	3,28135
52,8000	3,28135
52,9000	3,28135
53,0000	3,28135
53,1000	3,28135
53,2000	3,28135
53,3000	3,28135
53,4000	3,28135
53,5000	3,28135
53,6000	3,28135
53,7000	3,28135
53,8000	3,28135
53,9000	3,28135
54,0000	3,28135
54,1000	3,28135
54,2000	3,28135
54,3000	3,28135
54,4000	3,28135
54,5000	3,28135
54,6000	3,28135
54,7000	3,28135
54,8000	3,28623
54,9000	3,28135
55,0000	3,28135
55,1000	3,28135
55,2000	3,28135
55,3000	3,28135
55,4000	3,28135
55,5000	3,28135
55,6000	3,28135
55,7000	3,28135
55,8000	3,28135
55,9000	3,28135
56,0000	3,28135
56,1000	3,28135
56,2000	3,28135
56,3000	3,28135
56,4000	3,28135
56,5000	3,28135
56,6000	3,28135
56,7000	3,28135
56,8000	3,28135
56,9000	3,28135
57,0000	3,28135
57,1000	3,28135
57,2000	3,28135
57,3000	3,28135
57,4000	3,28135
57,5000	3,28135
57,6000	3,28135
57,7000	3,28135
57,8000	3,28135
57,9000	3,28135
58,0000	3,28135
58,1000	3,28135
58,2000	3,28135
58,3000	3,28135
58,4000	3,28135
58,5000	3,28135
58,6000	3,28135
58,7000	3,28135
58,8000	3,28135
58,9000	3,28135
59,0000	3,28135
59,1000	3,28135
59,2000	3,28135
59,3000	3,28135
59,4000	3,28135
59,5000	3,28135
59,6000	3,28135
59,7000	3,28135
59,8000	3,28135
59,9000	3,28135
60,0000	3,28135
60,1000	3,28135
60,2000	3,28135
60,3000	3,28135
60,4000	3,28135
60,5000	3,28135
60,6000	3,28135
60,7000	3,28135
60,8000	3,28135
60,9000	3,28135
61,0000	3,28135
61,1000	3,28135
61,2000	3,28135
61,3000	3,28135
61,4000	3,28135
61,5000	3,28135
61,6000	3,28135
61,7000	3,28135
61,8000	3,28135
61,9000	3,28623
62,0000	3,28135
62,1000	3,28135
62,2000	3,28135
62,3000	3,28135
62,4000	3,28623
62,5000	3,28135
62,6000	3,28623
62,7000	3,28135
62,8000	3,28623
62,9000	3,28135
63,0000	3,28135
63,1000	3,28135
63,2000	3,28623
63,3000	3,28135
63,4000	3,28135
63,5000	3,28135
63,6000	3,28623
63,7000	3,28623
63,8000	3,28135
63,9000	3,28135
64,0000	3,28135
64,1000	3,28135
64,2000	3,28135
64,3000	3,28135
64,4000	3,28135
64,5000	3,28135
64,6000	3,28135
64,7000	3,28135
64,8000	3,28135
64,9000	3,28135
65,0000	3,28135
65,1000	3,28135
65,2000	3,28135
65,3000	3,28135
65,4000	3,28135
65,5000	3,28135
65,6000	3,28135
65,7000	3,28135
65,8000	3,28135
65,9000	3,28135
66,0000	3,28135
66,1000	3,28623
66,2000	3,28135
66,3000	3,28135
66,4000	3,28135
66,5000	3,28135
66,6000	3,28135
66,7000	3,28135
66,8000	3,28135
66,9000	3,28623
67,0000	3,28135
67,1000	3,28623
67,2000	3,28135
67,3000	3,28623
67,4000	3,28135
67,5000	3,28135
67,6000	3,28135
67,7000	3,28135
67,8000	3,28135
67,9000	3,28135
68,0000	3,28135
68,1000	3,28135
68,2000	3,28135
68,3000	3,28135
68,4000	3,28135
68,5000	3,28135
68,6000	3,28135
68,7000	3,28135
68,8000	3,28135
68,9000	3,28135
69,0000	3,28135
69,1000	3,28135
69,2000	3,28135
69,3000	3,28135
69,4000	3,28135
69,5000	3,28135
69,6000	3,28135
69,7000	3,28135
69,8000	3,28135
69,9000	3,28135
70,0000	3,28135
70,1000	3,28135
70,2000	3,28135
70,3000	3,28623
70,4000	3,28135
70,5000	3,28135
70,6000	3,28135
70,7000	3,28135
70,8000	3,28135
70,9000	3,28135
71,0000	3,28135
71,1000	3,28135
71,2000	3,28135
71,3000	3,28135
71,4000	3,28135
71,5000	3,28135
71,6000	3,28135
71,7000	3,28135
71,8000	3,28135
71,9000	3,28135
72,0000	3,28135
72,1000	3,28135
72,2000	3,28135
72,3000	3,28135
72,4000	3,28135
72,5000	3,28135
72,6000	3,28135
72,7000	3,28135
72,8000	3,28135
72,9000	3,28135
73,0000	3,28135
73,1000	3,28135
73,2000	3,28135
73,3000	3,28135
73,4000	3,28135
73,5000	3,28135
73,6000	3,28135
73,7000	3,28135
73,8000	3,28135
73,9000	3,28135
74,0000	3,28135
74,1000	3,28135
74,2000	3,28135
74,3000	3,28135
74,4000	3,28135
74,5000	3,28135
74,6000	3,28135
74,7000	3,28135
74,8000	3,28135
74,9000	3,28135
75,0000	3,28135
75,1000	3,28135
75,2000	3,28135
75,3000	3,28135
75,4000	3,28135
75,5000	3,28135
75,6000	3,28135
75,7000	3,28135
75,8000	3,28135
75,9000	3,28135
76,0000	3,28135
76,1000	3,28135
76,2000	3,28135
76,3000	3,28135
76,4000	3,28135
76,5000	3,28135
76,6000	3,28135
76,7000	3,28135
76,8000	3,28135
76,9000	3,28135
77,0000	3,28135
77,1000	3,28135
77,2000	3,28135
77,3000	3,28135
77,4000	3,28135
77,5000	3,28135
77,6000	3,28135
77,7000	3,28623
77,8000	3,28135
77,9000	3,28135
78,0000	3,28135
78,1000	3,28135
78,2000	3,28135
78,3000	3,28135
78,4000	3,28135
78,5000	3,28135
78,6000	3,28135
78,7000	3,28135
78,8000	3,28135
78,9000	3,28135
79,0000	3,28135
79,1000	3,28135
79,2000	3,28135
79,3000	3,28135
79,4000	3,28135
79,5000	3,28135
79,6000	3,28135
79,7000	3,28135
79,8000	3,28135
79,9000	3,28135
80,0000	3,28135
80,1000	3,28135
80,2000	3,28135
80,3000	3,28135
80,4000	3,28135
80,5000	3,28135
80,6000	3,28135
80,7000	3,28135
80,8000	3,28135
80,9000	3,28135
81,0000	3,28135
81,1000	3,28135
81,2000	3,28135
81,3000	3,28135
81,4000	3,28135
81,5000	3,28135
81,6000	3,28135
81,7000	3,28135
81,8000	3,28135
81,9000	3,28135
82,0000	3,28135
82,1000	3,28135
82,2000	3,28135
82,3000	3,28135
82,4000	3,28135
82,5000	3,28135
82,6000	3,28135
82,7000	3,28135
82,8000	3,28135
82,9000	3,28135
83,0000	3,28135
83,1000	3,28135
83,2000	3,28135
83,3000	3,28135
83,4000	3,28135
83,5000	3,28135
83,6000	3,28135
83,7000	3,28135
83,8000	3,28135
83,9000	3,28135
84,0000	3,28135
84,1000	3,28135
84,2000	3,28135
84,3000	3,28135
84,4000	3,28135
84,5000	3,28135
84,6000	3,28135
84,7000	3,28135
84,8000	3,28135
84,9000	3,28135
85,0000	3,28135
85,1000	3,28135
85,2000	3,28135
85,3000	3,28135
85,4000	3,28135
85,5000	3,28135
85,6000	3,28135
85,7000	3,28135
85,8000	3,28135
85,9000	3,28135
86,0000	3,28135
86,1000	3,28135
86,2000	3,28135
86,3000	3,28135
86,4000	3,28135
86,5000	3,28135
86,6000	3,28135
86,7000	3,28135
86,8000	3,28135
86,9000	3,28135
87,0000	3,28135
87,1000	3,28135
87,2000	3,28135
87,3000	3,28135
87,4000	3,28135
87,5000	3,28135
87,6000	3,28135
87,7000	3,28135
87,8000	3,28135
87,9000	3,28135
88,0000	3,28135
88,1000	3,28135
88,2000	3,28135
88,3000	3,28135
88,4000	3,28135
88,5000	3,28135
88,6000	3,28135
88,7000	3,28135
88,8000	3,28135
88,9000	3,28135
89,0000	3,28135
89,1000	3,28135
89,2000	3,28135
89,3000	3,28135
89,4000	3,28135
89,5000	3,28135
89,6000	3,28135
89,7000	3,28135
89,8000	3,28135
89,9000	3,28135
90,0000	3,28135
90,1000	3,28135
90,2000	3,28135
90,3000	3,28135
90,4000	3,28135
90,5000	3,28135
90,6000	3,28135
90,7000	3,28135
90,8000	3,28135
90,9000	3,28135
91,0000	3,28135
91,1000	3,28135
91,2000	3,28135
91,3000	3,28135
91,4000	3,28135
91,5000	3,28135
91,6000	3,28135
91,7000	3,28135
91,8000	3,28135
91,9000	3,28135
92,0000	3,28135
92,1000	3,28135
92,2000	3,28135
92,3000	3,28135
92,4000	3,28135
92,5000	3,28135
92,6000	3,28135
92,7000	3,28135
92,8000	3,28135
92,9000	3,28135
93,0000	3,28135
93,1000	3,28135
93,2000	3,28135
93,3000	3,28135
93,4000	3,28135
93,5000	3,28135
93,6000	3,28135
93,7000	3,28135
93,8000	3,28135
93,9000	3,28135
94,0000	3,28135
94,1000	3,28135
94,2000	3,28135
94,3000	3,28135
94,4000	3,28135
94,5000	3,28135
94,6000	3,28135
94,7000	3,28135
94,8000	3,28135
94,9000	3,28135
95,0000	3,28135
95,1000	3,28135
95,2000	3,28135
95,3000	3,28135
95,4000	3,28135
95,5000	3,28135
95,6000	3,28135
95,7000	3,28135
95,8000	3,28135
95,9000	3,28135
96,0000	3,28135
96,1000	3,28135
96,2000	3,28135
96,3000	3,28135
96,4000	3,28135
96,5000	3,28135
96,6000	3,28135
96,7000	3,28135
96,8000	3,28135
96,9000	3,28135
97,0000	3,28135
97,1000	3,28135
97,2000	3,28135
97,3000	3,28135
97,4000	3,28135
97,5000	3,28135
97,6000	3,28135
97,7000	3,28135
97,8000	3,28135
97,9000	3,28135
98,0000	3,28135
98,1000	3,28135
98,2000	3,28135
98,3000	3,28135
98,4000	3,28135
98,5000	3,28135
98,6000	3,28135
98,7000	3,28135
98,8000	3,28135
98,9000	3,28135
99,0000	3,28135
99,1000	3,28135
99,2000	3,28135
99,3000	3,28135
99,4000	3,28135
99,5000	3,28135
99,6000	3,28135
99,7000	3,28135
99,8000	3,28135
99,9000	3,28135
100,0000	3,28135
100,1000	3,28135
100,2000	3,28135
100,3000	3,28135
100,4000	3,28135
100,5000	3,28135
100,6000	3,28135
100,7000	3,28135
100,8000	3,28135
100,9000	3,28135
101,0000	3,28135
101,1000	3,28135
101,2000	3,28135
101,3000	3,28135
101,4000	3,28135
101,5000	3,28135
101,6000	3,28135
101,7000	3,28135
101,8000	3,28135
101,9000	3,28135
102,0000	3,28135
102,1000	3,28135
102,2000	3,28135
102,3000	3,28135
102,4000	3,28135
102,5000	3,28135
102,6000	3,28135
102,7000	3,28135
102,8000	3,28135
102,9000	3,28135
103,0000	3,28135
103,1000	3,28135
103,2000	3,28135
103,3000	3,28135
103,4000	3,28135
103,5000	3,28135
103,6000	3,28135
103,7000	3,28135
103,8000	3,28135
103,9000	3,28135
104,0000	3,28135
104,1000	3,28135
104,2000	3,28135
104,3000	3,28135
104,4000	3,28135
104,5000	3,28135
104,6000	3,28135
104,7000	3,28135
104,8000	3,28135
104,9000	3,28135
105,0000	3,28135
105,1000	3,28135
105,2000	3,28135
105,3000	3,28135
105,4000	3,28135
105,5000	3,28135
105,6000	3,28135
105,7000	3,28135
105,8000	3,28135
105,9000	3,28135
106,0000	3,28135
106,1000	3,28135
106,2000	3,28135
106,3000	3,28135
106,4000	3,28135
106,5000	3,28135
106,6000	3,28135
106,7000	3,28135
106,8000	3,28135
106,9000	3,28135
107,0000	3,28135
107,1000	3,28135
107,2000	3,28135
107,3000	3,28135
107,4000	3,28135
107,5000	3,28135
107,6000	3,28135
107,7000	3,28135
107,8000	3,28135
107,9000	3,28135
108,0000	3,28135
108,1000	3,28135
108,2000	3,28135
108,3000	3,28135
108,4000	3,28135
108,5000	3,28135
108,6000	3,28135
108,7000	3,28135
108,8000	3,28135
