Tempo ( s )	Pressione ( kPa )
0.0000	0.00000
0.1000	0.00488
0.2000	0.00488
0.3000	0.00488
0.4000	0.00488
0.5000	0.00488
0.6000	0.00488
0.7000	0.00488
0.8000	0.00000
0.9000	0.00488
1.0000	0.00488
1.1000	0.00488
1.2000	0.00488
1.3000	0.00488
1.4000	0.00488
1.5000	0.00488
1.6000	0.00488
1.7000	0.00488
1.8000	0.00977
1.9000	0.00977
2.0000	0.00488
2.1000	0.00977
2.2000	0.00488
2.3000	0.00488
2.4000	0.00488
2.5000	0.00488
2.6000	0.01953
2.7000	0.00977
2.8000	0.00977
2.9000	0.00977
3.0000	0.01953
3.1000	0.34181
3.2000	1.47465
3.3000	3.31065
3.4000	5.70330
3.5000	5.58611
3.6000	5.46892
3.7000	5.37126
3.8000	5.29313
3.9000	5.23453
4.0000	5.17594
4.1000	5.12711
4.2000	5.07828
4.3000	5.04410
4.4000	5.00504
4.5000	4.98062
4.6000	4.94644
4.7000	4.92203
4.8000	4.90249
4.9000	4.88296
5.0000	4.86343
5.1000	4.84390
5.2000	4.82437
5.3000	4.80483
5.4000	4.79019
5.5000	4.77554
5.6000	4.76577
5.7000	4.74624
5.8000	4.73159
5.9000	4.72182
6.0000	4.70717
6.1000	4.69253
6.2000	4.68764
6.3000	4.67299
6.4000	4.66811
6.5000	4.65346
6.6000	4.64370
6.7000	4.63881
6.8000	4.62905
6.9000	4.62905
7.0000	4.60952
7.1000	4.60952
7.2000	4.60952
7.3000	4.58998
7.4000	4.58998
7.5000	4.57533
7.6000	4.57045
7.7000	4.56557
7.8000	4.56069
7.9000	4.55092
8.0000	4.55092
8.1000	4.54115
8.2000	4.53627
8.3000	4.53139
8.4000	4.53139
8.5000	4.53139
8.6000	4.51674
8.7000	4.51186
8.8000	4.51186
8.9000	4.51186
9.0000	4.50209
9.1000	4.49232
9.2000	4.49232
9.3000	4.48256
9.4000	4.48256
9.5000	4.47768
9.6000	4.47279
9.7000	4.47279
9.8000	4.47279
9.9000	4.47279
10.0000	4.45814
10.1000	4.45326
10.2000	4.45326
10.3000	4.45326
10.4000	4.45326
10.5000	4.44349
10.6000	4.43861
10.7000	4.43373
10.8000	4.43373
10.9000	4.43373
11.0000	4.43373
11.1000	4.43373
11.2000	4.43373
11.3000	4.41908
11.4000	4.41908
11.5000	4.41420
11.6000	4.41420
11.7000	4.41420
11.8000	4.40931
11.9000	4.40443
12.0000	4.40443
12.1000	4.39955
12.2000	4.39955
12.3000	4.39955
12.4000	4.39467
12.5000	4.39467
12.6000	4.39467
12.7000	4.39467
12.8000	4.38490
12.9000	4.39467
13.0000	4.38490
13.1000	4.38490
13.2000	4.38002
13.3000	4.38002
13.4000	4.38002
13.5000	4.37513
13.6000	4.37513
13.7000	4.37513
13.8000	4.37513
13.9000	4.37513
14.0000	4.37513
14.1000	4.37513
14.2000	4.37513
14.3000	4.37513
14.4000	4.36537
14.5000	4.36048
14.6000	4.37513
14.7000	4.35560
14.8000	4.35560
14.9000	4.36048
15.0000	4.35560
15.1000	4.35560
15.2000	4.35560
15.3000	4.35560
15.4000	4.35560
15.5000	4.35560
15.6000	4.34584
15.7000	4.35560
15.8000	4.34584
15.9000	4.35560
16.0000	4.34584
16.1000	4.34095
16.2000	4.34095
16.3000	4.34095
16.4000	4.33607
16.5000	4.33607
16.6000	4.33607
16.7000	4.33607
16.8000	4.33607
16.9000	4.33607
17.0000	4.33119
17.1000	4.33119
17.2000	4.33607
17.3000	4.33119
17.4000	4.33119
17.5000	4.33607
17.6000	4.32630
17.7000	4.32630
17.8000	4.32630
17.9000	4.33119
18.0000	4.32630
18.1000	4.32142
18.2000	4.32142
18.3000	4.32630
18.4000	4.32142
18.5000	4.32142
18.6000	4.32142
18.7000	4.31654
18.8000	4.32142
18.9000	4.32142
19.0000	4.31654
19.1000	4.31654
19.2000	4.31654
19.3000	4.31654
19.4000	4.31654
19.5000	4.31654
19.6000	4.31654
19.7000	4.31654
19.8000	4.31654
19.9000	4.31654
20.0000	4.31654
20.1000	4.31654
20.2000	4.31654
20.3000	4.31654
20.4000	4.31654
20.5000	4.31654
20.6000	4.31654
20.7000	4.31654
20.8000	4.31654
20.9000	4.31654
21.0000	4.31654
21.1000	4.31654
21.2000	4.30677
21.3000	4.30677
21.4000	4.30677
21.5000	4.30677
21.6000	4.30677
21.7000	4.30677
21.8000	4.30189
21.9000	4.30189
22.0000	4.30677
22.1000	4.30677
22.2000	4.30189
22.3000	4.29701
22.4000	4.30189
22.5000	4.30189
22.6000	4.30189
22.7000	4.29701
22.8000	4.30189
22.9000	4.29701
23.0000	4.30189
23.1000	4.29701
23.2000	4.29701
23.3000	4.30189
23.4000	4.29701
23.5000	4.30189
23.6000	4.29701
23.7000	4.29701
23.8000	4.29701
23.9000	4.29701
24.0000	4.29701
24.1000	4.29701
24.2000	4.29701
24.3000	4.29701
24.4000	4.29701
24.5000	4.29701
24.6000	4.29701
24.7000	4.29701
24.8000	4.29701
24.9000	4.29701
25.0000	4.29701
25.1000	4.29701
25.2000	4.29701
25.3000	4.29701
25.4000	4.29701
25.5000	4.29701
25.6000	4.29701
25.7000	4.29701
25.8000	4.29701
25.9000	4.29701
26.0000	4.29701
26.1000	4.29701
26.2000	4.29701
26.3000	4.29701
26.4000	4.29701
26.5000	4.29701
26.6000	4.29701
26.7000	4.29701
26.8000	4.29701
26.9000	4.29701
27.0000	4.29701
27.1000	4.29701
27.2000	4.29701
27.3000	4.29701
27.4000	4.29701
27.5000	4.29701
27.6000	4.29701
27.7000	4.29701
27.8000	4.29701
27.9000	4.29701
28.0000	4.29701
28.1000	4.28724
28.2000	4.29701
28.3000	4.29701
28.4000	4.29701
28.5000	4.28724
28.6000	4.29701
28.7000	4.29701
28.8000	4.29701
28.9000	4.28724
29.0000	4.29701
29.1000	4.29701
29.2000	4.28724
29.3000	4.28724
29.4000	4.29701
29.5000	4.29701
29.6000	4.29701
29.7000	4.29701
29.8000	4.28724
29.9000	4.29701
30.0000	4.29701
30.1000	4.29701
30.2000	4.28724
30.3000	4.29701
30.4000	4.29701
30.5000	4.29701
30.6000	4.28236
30.7000	4.28236
30.8000	4.29701
30.9000	4.29701
31.0000	4.29701
31.1000	4.29701
31.2000	4.29701
31.3000	4.28724
31.4000	4.28724
31.5000	4.28236
31.6000	4.28236
31.7000	4.28724
31.8000	4.28724
31.9000	4.28236
32.0000	4.28724
32.1000	4.28236
32.2000	4.28236
32.3000	4.29701
32.4000	4.28236
32.5000	4.29701
32.6000	4.28236
32.7000	4.28236
32.8000	4.28236
32.9000	4.28724
33.0000	4.28236
33.1000	4.28236
33.2000	4.28724
33.3000	4.28236
33.4000	4.28236
33.5000	4.28236
33.6000	4.28236
33.7000	4.28236
33.8000	4.28236
33.9000	4.28236
34.0000	4.28236
34.1000	4.28236
34.2000	4.28236
34.3000	4.28236
34.4000	4.28236
34.5000	4.28236
34.6000	4.28236
34.7000	4.28236
34.8000	4.28236
34.9000	4.28236
35.0000	4.28236
35.1000	4.28236
35.2000	4.28236
35.3000	4.28236
35.4000	4.28236
35.5000	4.28724
35.6000	4.28236
35.7000	4.28236
35.8000	4.28236
35.9000	4.28236
36.0000	4.28236
36.1000	4.28236
36.2000	4.28236
36.3000	4.28236
36.4000	4.28236
36.5000	4.28236
36.6000	4.27747
36.7000	4.28236
36.8000	4.28236
36.9000	4.28236
37.0000	4.28236
37.1000	4.28236
37.2000	4.28236
37.3000	4.28236
37.4000	4.27747
37.5000	4.28236
37.6000	4.28236
37.7000	4.28236
37.8000	4.27747
37.9000	4.27747
38.0000	4.28236
38.1000	4.28236
38.2000	4.28236
38.3000	4.27747
38.4000	4.27747
38.5000	4.28236
38.6000	4.28236
38.7000	4.27747
38.8000	4.28236
38.9000	4.27747
39.0000	4.28236
39.1000	4.27747
39.2000	4.27747
39.3000	4.28236
39.4000	4.27747
39.5000	4.27747
39.6000	4.28236
39.7000	4.28236
39.8000	4.27747
39.9000	4.27747
40.0000	4.27747
40.1000	4.27747
40.2000	4.28236
40.3000	4.28236
40.4000	4.27747
40.5000	4.28236
40.6000	4.27747
40.7000	4.27747
40.8000	4.27747
40.9000	4.27747
41.0000	4.28236
41.1000	4.28236
41.2000	4.27747
41.3000	4.27747
41.4000	4.27747
41.5000	4.28236
41.6000	4.28236
41.7000	4.27747
41.8000	4.27747
41.9000	4.27747
42.0000	4.27747
42.1000	4.27747
42.2000	4.27747
42.3000	4.28236
42.4000	4.27747
42.5000	4.27747
42.6000	4.28236
42.7000	4.28236
42.8000	4.28236
42.9000	4.27747
43.0000	4.27747
43.1000	4.27747
43.2000	4.27747
43.3000	4.27747
43.4000	4.27747
43.5000	4.27747
43.6000	4.27747
43.7000	4.27747
43.8000	4.27747
43.9000	4.27747
44.0000	4.27747
44.1000	4.27747
44.2000	4.27747
44.3000	4.28236
44.4000	4.27747
44.5000	4.27747
44.6000	4.28236
44.7000	4.27747
44.8000	4.27747
44.9000	4.27747
45.0000	4.27747
45.1000	4.27747
45.2000	4.27747
45.3000	4.27747
45.4000	4.27747
45.5000	4.27747
45.6000	4.27747
45.7000	4.27747
45.8000	4.27747
45.9000	4.27747
46.0000	4.28236
46.1000	4.27747
46.2000	4.27747
46.3000	4.27747
46.4000	4.27747
46.5000	4.27747
46.6000	4.27747
46.7000	4.27747
46.8000	4.27747
46.9000	4.28236
47.0000	4.27747
47.1000	4.27747
47.2000	4.27747
47.3000	4.27747
47.4000	4.27747
47.5000	4.27747
47.6000	4.27747
47.7000	4.27747
47.8000	4.27747
47.9000	4.27747
48.0000	4.27747
48.1000	4.27747
48.2000	4.27747
48.3000	4.27747
48.4000	4.27747
48.5000	4.27747
48.6000	4.27747
48.7000	4.27747
48.8000	4.27747
48.9000	4.27747
49.0000	4.27747
49.1000	4.27747
49.2000	4.27747
49.3000	4.27747
49.4000	4.27747
49.5000	4.27747
49.6000	4.27747
49.7000	4.27747
49.8000	4.27747
49.9000	4.27747
50.0000	4.27747
50.1000	4.27747
50.2000	4.27747
50.3000	4.27747
50.4000	4.27747
50.5000	4.27747
50.6000	4.27747
50.7000	4.27747
50.8000	4.27747
50.9000	4.27747
51.0000	4.27747
51.1000	4.27747
51.2000	4.27747
51.3000	4.27747
51.4000	4.27747
51.5000	4.27747
51.6000	4.27747
51.7000	4.28236
51.8000	4.27747
51.9000	4.27747
52.0000	4.27747
52.1000	4.27747
52.2000	4.27747
52.3000	4.27747
52.4000	4.27747
52.5000	4.27747
52.6000	4.28236
52.7000	4.27747
52.8000	4.27747
52.9000	4.27747
53.0000	4.27747
53.1000	4.27747
53.2000	4.27747
53.3000	4.27747
53.4000	4.27747
53.5000	4.27747
53.6000	4.27747
53.7000	4.27747
53.8000	4.27747
53.9000	4.27747
54.0000	4.27747
54.1000	4.27747
54.2000	4.27747
54.3000	4.27747
54.4000	4.27747
54.5000	4.27747
54.6000	4.27747
54.7000	4.27747
54.8000	4.27747
54.9000	4.27747
55.0000	4.27747
55.1000	4.27747
55.2000	4.27747
55.3000	4.27747
55.4000	4.27747
55.5000	4.27747
55.6000	4.27747
55.7000	4.27747
55.8000	4.27747
55.9000	4.27747
56.0000	4.27747
56.1000	4.27747
56.2000	4.27747
56.3000	4.27747
56.4000	4.27747
56.5000	4.27747
56.6000	4.27747
56.7000	4.27747
56.8000	4.27747
56.9000	4.27747
57.0000	4.27747
57.1000	4.27747
57.2000	4.27747
57.3000	4.27747
57.4000	4.27747
57.5000	4.27747
57.6000	4.27747
57.7000	4.27747
57.8000	4.27747
57.9000	4.27747
58.0000	4.27747
58.1000	4.27747
58.2000	4.27747
58.3000	4.27747
58.4000	4.27747
58.5000	4.27747
58.6000	4.27747
58.7000	4.27747
58.8000	4.27747
58.9000	4.28236
59.0000	4.28236
59.1000	4.27747
59.2000	4.27747
59.3000	4.27747
59.4000	4.27747
59.5000	4.27747
59.6000	4.27747
59.7000	4.27747
59.8000	4.27747
59.9000	4.27747
60.0000	4.27747
60.1000	4.27747
60.2000	4.27747
60.3000	4.28236
60.4000	4.28236
60.5000	4.28236
60.6000	4.28236
60.7000	4.27747
60.8000	4.28236
60.9000	4.27747
61.0000	4.27747
61.1000	4.27747
61.2000	4.27747
61.3000	4.27747
61.4000	4.27747
61.5000	4.27747
61.6000	4.27747
61.7000	4.27747
61.8000	4.27747
61.9000	4.27747
62.0000	4.27747
62.1000	4.27747
62.2000	4.28236
62.3000	4.28236
62.4000	4.27747
62.5000	4.27747
62.6000	4.27747
62.7000	4.27747
62.8000	4.27747
62.9000	4.27747
63.0000	4.27747
63.1000	4.28236
63.2000	4.27747
63.3000	4.27747
63.4000	4.27747
63.5000	4.27747
63.6000	4.27747
63.7000	4.27747
63.8000	4.27747
63.9000	4.27747
64.0000	4.27747
64.1000	4.28236
64.2000	4.27747
64.3000	4.27747
64.4000	4.27747
64.5000	4.27747
64.6000	4.27747
64.7000	4.27747
64.8000	4.27747
64.9000	4.27747
65.0000	4.27747
65.1000	4.27747
65.2000	4.27747
65.3000	4.27747
65.4000	4.27747
65.5000	4.27747
65.6000	4.27747
65.7000	4.27747
65.8000	4.27747
65.9000	4.27747
66.0000	4.27747
66.1000	4.27747
66.2000	4.27747
66.3000	4.27747
66.4000	4.27747
66.5000	4.27747
66.6000	4.27747
66.7000	4.27747
66.8000	4.27747
66.9000	4.27747
67.0000	4.27747
67.1000	4.27747
67.2000	4.27747
67.3000	4.27747
67.4000	4.27747
67.5000	4.27747
67.6000	4.27747
67.7000	4.27747
67.8000	4.27747
67.9000	4.27747
68.0000	4.27747
68.1000	4.27747
68.2000	4.27747
68.3000	4.27747
68.4000	4.27747
68.5000	4.27747
68.6000	4.27747
68.7000	4.27747
68.8000	4.27747
68.9000	4.27747
69.0000	4.27747
69.1000	4.27747
69.2000	4.27747
69.3000	4.27747
69.4000	4.27747
69.5000	4.27747
69.6000	4.27747
69.7000	4.27747
69.8000	4.27747
69.9000	4.27747
70.0000	4.27747
70.1000	4.27747
70.2000	4.27747
70.3000	4.27747
70.4000	4.27747
70.5000	4.27747
70.6000	4.27747
70.7000	4.27747
70.8000	4.27747
70.9000	4.27747
71.0000	4.27747
71.1000	4.27747
71.2000	4.27747
71.3000	4.27747
71.4000	4.27747
71.5000	4.27747
71.6000	4.27747
71.7000	4.27747
71.8000	4.27747
71.9000	4.27747
72.0000	4.27747
72.1000	4.27747
72.2000	4.27747
72.3000	4.27747
72.4000	4.27747
72.5000	4.27747
72.6000	4.27747
72.7000	4.27747
72.8000	4.27747
72.9000	4.27747
73.0000	4.27747
73.1000	4.27747
73.2000	4.27747
73.3000	4.27747
73.4000	4.27747
73.5000	4.27747
73.6000	4.27747
73.7000	4.27747
73.8000	4.27747
73.9000	4.27747
74.0000	4.27747
74.1000	4.27747
74.2000	4.27747
74.3000	4.27747
74.4000	4.27747
74.5000	4.27747
74.6000	4.27747
74.7000	4.27747
74.8000	4.27747
74.9000	4.27747
75.0000	4.27747
75.1000	4.27747
75.2000	4.27747
75.3000	4.27747
75.4000	4.27747
75.5000	4.27747
75.6000	4.27747
75.7000	4.27747
75.8000	4.27747
75.9000	4.27747
76.0000	4.27747
76.1000	4.27747
76.2000	4.27747
76.3000	4.27747
76.4000	4.27747
76.5000	4.27747
76.6000	4.27747
76.7000	4.27747
76.8000	4.27747
76.9000	4.27747
77.0000	4.27747
77.1000	4.27747
77.2000	4.27747
77.3000	4.27747
77.4000	4.27747
77.5000	4.27747
77.6000	4.27747
77.7000	4.27747
77.8000	4.27747
77.9000	4.27747
78.0000	4.27747
78.1000	4.27747
78.2000	4.27747
78.3000	4.27747
78.4000	4.27747
78.5000	4.27747
78.6000	4.27747
78.7000	4.27747
78.8000	4.27747
78.9000	4.27747
79.0000	4.27747
79.1000	4.27747
79.2000	4.27747
79.3000	4.27747
79.4000	4.27747
79.5000	4.27747
79.6000	4.27747
79.7000	4.27747
79.8000	4.27747
79.9000	4.27747
80.0000	4.28236
80.1000	4.27747
80.2000	4.27747
80.3000	4.27747
80.4000	4.27747
80.5000	4.27747
80.6000	4.27747
80.7000	4.27747
80.8000	4.27747
80.9000	4.27747
81.0000	4.27747
81.1000	4.27747
81.2000	4.27747
81.3000	4.27747
81.4000	4.27747
81.5000	4.27747
81.6000	4.27747
81.7000	4.27747
81.8000	4.27747
81.9000	4.27747
82.0000	4.27747
82.1000	4.27747
82.2000	4.27747
82.3000	4.27747
82.4000	4.27747
82.5000	4.27747
82.6000	4.27747
82.7000	4.27747
82.8000	4.27747
82.9000	4.27747
83.0000	4.27747
83.1000	4.27747
83.2000	4.27747
83.3000	4.27747
83.4000	4.27747
83.5000	4.27747
83.6000	4.27747
83.7000	4.27747
83.8000	4.27747
83.9000	4.27747
84.0000	4.27747
84.1000	4.27747
84.2000	4.27747
84.3000	4.27747
84.4000	4.27747
84.5000	4.27747
84.6000	4.27747
84.7000	4.27747
84.8000	4.27747
84.9000	4.27747
85.0000	4.27747
85.1000	4.27747
85.2000	4.27747
85.3000	4.27747
85.4000	4.27747
85.5000	4.27747
85.6000	4.27747
85.7000	4.27747
85.8000	4.27747
85.9000	4.27747
86.0000	4.27747
86.1000	4.27747
86.2000	4.27747
86.3000	4.27747
86.4000	4.27747
86.5000	4.27747
86.6000	4.27747
86.7000	4.27747
86.8000	4.27747
86.9000	4.27747
87.0000	4.27747
87.1000	4.27747
87.2000	4.27747
87.3000	4.27747
87.4000	4.27747
87.5000	4.27747
87.6000	4.27747
87.7000	4.27747
87.8000	4.27747
87.9000	4.27747
88.0000	4.27747
88.1000	4.27747
88.2000	4.27747
88.3000	4.27747
88.4000	4.27747
88.5000	4.27747
88.6000	4.27747
88.7000	4.27747
88.8000	4.27747
88.9000	4.27747
89.0000	4.27747
89.1000	4.27747
89.2000	4.27747
89.3000	4.27747
89.4000	4.27747
89.5000	4.27747
89.6000	4.27747
89.7000	4.27747
89.8000	4.27747
89.9000	4.27747
90.0000	4.27747
90.1000	4.27747
90.2000	4.27747
90.3000	4.27747
90.4000	4.27747
90.5000	4.27747
90.6000	4.27747
90.7000	4.27747
90.8000	4.27747
90.9000	4.27747
91.0000	4.27747
91.1000	4.27747
91.2000	4.27747
91.3000	4.27747
91.4000	4.27747
91.5000	4.27747
91.6000	4.27747
91.7000	4.27747
91.8000	4.28236
91.9000	4.27747
92.0000	4.27747
92.1000	4.27747
92.2000	4.27747
92.3000	4.27747
92.4000	4.27747
92.5000	4.27747
92.6000	4.27747
92.7000	4.27747
92.8000	4.27747
92.9000	4.27747
93.0000	4.27747
93.1000	4.27747
93.2000	4.27747
93.3000	4.27747
93.4000	4.27747
93.5000	4.27747
93.6000	4.27747
93.7000	4.27747
93.8000	4.28236
93.9000	4.27747
94.0000	4.27747
94.1000	4.27747
94.2000	4.27747
94.3000	4.27747
94.4000	4.27747
94.5000	4.27747
94.6000	4.27747
94.7000	4.27747
94.8000	4.27747
94.9000	4.27747
95.0000	4.27747
95.1000	4.27747
95.2000	4.27747
95.3000	4.27747
95.4000	4.27747
95.5000	4.27747
95.6000	4.27747
95.7000	4.27747
95.8000	4.27747
95.9000	4.27747
96.0000	4.27747
96.1000	4.27747
96.2000	4.27747
96.3000	4.27747
96.4000	4.27747
96.5000	4.27747
96.6000	4.27747
96.7000	4.27747
96.8000	4.27747
96.9000	4.27747
97.0000	4.27747
97.1000	4.27747
97.2000	4.27747
97.3000	4.28236
97.4000	4.27747
97.5000	4.27747
97.6000	4.27747
97.7000	4.28236
97.8000	4.27747
97.9000	4.27747
98.0000	4.27747
98.1000	4.27747
98.2000	4.27747
98.3000	4.27747
98.4000	4.27747
98.5000	4.27747
98.6000	4.27747
98.7000	4.27747
98.8000	4.27747
98.9000	4.27747
99.0000	4.27747
99.1000	4.27747
99.2000	4.27747
99.3000	4.27747
99.4000	4.27747
99.5000	4.27747
99.6000	4.27747
99.7000	4.27747
99.8000	4.27747
99.9000	4.27747
100.0000	4.27747
100.1000	4.27747
100.2000	4.27747
100.3000	4.27747
100.4000	4.27747
100.5000	4.28236
100.6000	4.27747
100.7000	4.28236
100.8000	4.27747
100.9000	4.27747
101.0000	4.27747
101.1000	4.27747
101.2000	4.28236
101.3000	4.27747
101.4000	4.27747
101.5000	4.27747
101.6000	4.27747
101.7000	4.27747
101.8000	4.28236
101.9000	4.27747
102.0000	4.27747
102.1000	4.27747
102.2000	4.27747
102.3000	4.27747
102.4000	4.27747
102.5000	4.28236
102.6000	4.27747
102.7000	4.27747
102.8000	4.27747
102.9000	4.27747
103.0000	4.27747
103.1000	4.27747
103.2000	4.27747
103.3000	4.27747
103.4000	4.27747
103.5000	4.27747
103.6000	4.27747
103.7000	4.28236
103.8000	4.27747
103.9000	4.27747
104.0000	4.27747
104.1000	4.27747
104.2000	4.27747
104.3000	4.28236
104.4000	4.27747
104.5000	4.27747
104.6000	4.27747
104.7000	4.28236
104.8000	4.27747
104.9000	4.27747
105.0000	4.28236
105.1000	4.27747
105.2000	4.27747
105.3000	4.28236
105.4000	4.27747
105.5000	4.27747
105.6000	4.27747
105.7000	4.27747
105.8000	4.27747
105.9000	4.27747
106.0000	4.27747
106.1000	4.27747
106.2000	4.27747
106.3000	4.27747
106.4000	4.27747
106.5000	4.28236
106.6000	4.27747
106.7000	4.27747
106.8000	4.27747
106.9000	4.27747
107.0000	4.27747
107.1000	4.27747
107.2000	4.27747
107.3000	4.27747
107.4000	4.27747
107.5000	4.27747
107.6000	4.27747
107.7000	4.27747
107.8000	4.27747
107.9000	4.27747
108.0000	4.27747
108.1000	4.27747
108.2000	4.27747
108.3000	4.27747
108.4000	4.27747
108.5000	4.27747
108.6000	4.27747
108.7000	4.27747
108.8000	4.27747
108.9000	4.27747
109.0000	4.27747
109.1000	4.27747
109.2000	4.27747
109.3000	4.27747
109.4000	4.27747
109.5000	4.27747
109.6000	4.27747
109.7000	4.27747
109.8000	4.27747
109.9000	4.27747
110.0000	4.27747
110.1000	4.27747
110.2000	4.28236
110.3000	4.27747
110.4000	4.27747
110.5000	4.27747
110.6000	4.27747
110.7000	4.27747
110.8000	4.27747
110.9000	4.27747
111.0000	4.27747
111.1000	4.27747
111.2000	4.27747
111.3000	4.27747
111.4000	4.27747
111.5000	4.27747
111.6000	4.27747
111.7000	4.27747
111.8000	4.27747
111.9000	4.27747
112.0000	4.27747
112.1000	4.27747
112.2000	4.27747
112.3000	4.27747
112.4000	4.27747
112.5000	4.27747
112.6000	4.27747
112.7000	4.27747
112.8000	4.27747
112.9000	4.27747
113.0000	4.27747
113.1000	4.27747
113.2000	4.27747
113.3000	4.27747
113.4000	4.27747
113.5000	4.27747
113.6000	4.27747
113.7000	4.27747
113.8000	4.27747
113.9000	4.27747
114.0000	4.27747
114.1000	4.27747
114.2000	4.27747
114.3000	4.27747
114.4000	4.27747
114.5000	4.27747
114.6000	4.27747
114.7000	4.27747
114.8000	4.27747
114.9000	4.27747
115.0000	4.27747
115.1000	4.27747
115.2000	4.27747
115.3000	4.27747
115.4000	4.27747
115.5000	4.27747
115.6000	4.27747
115.7000	4.27747
115.8000	4.27747
115.9000	4.27747
116.0000	4.27747
116.1000	4.27747
116.2000	4.27747
116.3000	4.27747
116.4000	4.27747
116.5000	4.27747
116.6000	4.27747
116.7000	4.27747
116.8000	4.27747
116.9000	4.27747
117.0000	4.27747
117.1000	4.27747
117.2000	4.27747
117.3000	4.27747
117.4000	4.27747
117.5000	4.27747
117.6000	4.27747
117.7000	4.27747
117.8000	4.27747
117.9000	4.27747
118.0000	4.27747
118.1000	4.27747
118.2000	4.27747
118.3000	4.27747
118.4000	4.27747
118.5000	4.27747
118.6000	4.27747
118.7000	4.27747
118.8000	4.27747
118.9000	4.27747
119.0000	4.27747
119.1000	4.27747
119.2000	4.27747
119.3000	4.27747
119.4000	4.27747
119.5000	4.27747
119.6000	4.27747
119.7000	4.27747
119.8000	4.27747
119.9000	4.27747
120.0000	4.27747
120.1000	4.27747
120.2000	4.27747
120.3000	4.27747
120.4000	4.27747
120.5000	4.27747
120.6000	4.27747
120.7000	4.27747
120.8000	4.27747
120.9000	4.27747
121.0000	4.27747
121.1000	4.27747
121.2000	4.27747
121.3000	4.27747
121.4000	4.27747
121.5000	4.27747
121.6000	4.27747
121.7000	4.27747
121.8000	4.27747
121.9000	4.27747
122.0000	4.27747
122.1000	4.27747
122.2000	4.27747
122.3000	4.27747
122.4000	4.27747
122.5000	4.27747
122.6000	4.27747
122.7000	4.27747
122.8000	4.27747
122.9000	4.27747
123.0000	4.27747
123.1000	4.27747
123.2000	4.27747
123.3000	4.27747
123.4000	4.27747
123.5000	4.27747
123.6000	4.27747
123.7000	4.27747
123.8000	4.27747
123.9000	4.27747
124.0000	4.27747
124.1000	4.27747
124.2000	4.27747
124.3000	4.27747
124.4000	4.27747
124.5000	4.27747
124.6000	4.27747
124.7000	4.27747
124.8000	4.27747
124.9000	4.27747
125.0000	4.27747
125.1000	4.27747
125.2000	4.27747
125.3000	4.27747
125.4000	4.27747
125.5000	4.27747
125.6000	4.27747
125.7000	4.27747
125.8000	4.27747
125.9000	4.27747
126.0000	4.27747
126.1000	4.27747
126.2000	4.27747
126.3000	4.27747
126.4000	4.27747
126.5000	4.27747
126.6000	4.27747
126.7000	4.27747
126.8000	4.27747
126.9000	4.27747
127.0000	4.27747
127.1000	4.27747
127.2000	4.27747
127.3000	4.27747
127.4000	4.27747
127.5000	4.27747
127.6000	4.27747
127.7000	4.27747
127.8000	4.27747
127.9000	4.27747
128.0000	4.27747
128.1000	4.27747
128.2000	4.27747
128.3000	4.27747
128.4000	4.27747
128.5000	4.27747
128.6000	4.27747
128.7000	4.27747
128.8000	4.27747
128.9000	4.27747
129.0000	4.27747
129.1000	4.27747
129.2000	4.27747
129.3000	4.27747
129.4000	4.27747
129.5000	4.27747
129.6000	4.27747
129.7000	4.27747
129.8000	4.27747
129.9000	4.27747
130.0000	4.27747
130.1000	4.27747
130.2000	4.27747
130.3000	4.27747
130.4000	4.27747
130.5000	4.27747
130.6000	4.27747
