Pressione, Can A, Raccolta #10
Tempo ( s )	Pressione ( kPa )
0,0000	-0,01953
0,1000	-0,01953
0,2000	-0,01953
0,3000	-0,01953
0,4000	-0,01953
0,5000	-0,01953
0,6000	-0,01953
0,7000	-0,01953
0,8000	-0,01953
0,9000	-0,01953
1,0000	-0,01953
1,1000	-0,01953
1,2000	-0,01953
1,3000	-0,01953
1,4000	-0,01953
1,5000	-0,01953
1,6000	-0,01953
1,7000	-0,01953
1,8000	-0,01953
1,9000	-0,01953
2,0000	-0,01953
2,1000	-0,01953
2,2000	-0,01953
2,3000	-0,01953
2,4000	-0,01953
2,5000	-0,01953
2,6000	-0,01953
2,7000	-0,01953
2,8000	-0,01953
2,9000	-0,01953
3,0000	-0,01953
3,1000	-0,01953
3,2000	-0,01953
3,3000	0,00000
3,4000	0,83987
3,5000	1,76763
3,6000	1,74322
3,7000	1,71880
3,8000	1,69927
3,9000	1,66997
4,0000	1,66021
4,1000	1,64068
4,2000	1,62603
4,3000	1,62114
4,4000	1,60161
4,5000	1,59185
4,6000	1,58208
4,7000	1,57231
4,8000	1,56255
4,9000	1,56255
5,0000	1,54790
5,1000	1,54302
5,2000	1,53325
5,3000	1,52837
5,4000	1,52348
5,5000	1,51372
5,6000	1,51372
5,7000	1,50395
5,8000	1,50395
5,9000	1,50395
6,0000	1,49419
6,1000	1,48930
6,2000	1,48442
6,3000	1,48442
6,4000	1,48442
6,5000	1,48442
6,6000	1,46977
6,7000	1,46977
6,8000	1,46489
6,9000	1,46489
7,0000	1,46489
7,1000	1,46489
7,2000	1,46489
7,3000	1,45512
7,4000	1,45024
7,5000	1,44536
7,6000	1,44536
7,7000	1,44536
7,8000	1,44536
7,9000	1,44536
8,0000	1,43559
8,1000	1,43071
8,2000	1,43559
8,3000	1,43071
8,4000	1,42582
8,5000	1,42582
8,6000	1,42582
8,7000	1,42582
8,8000	1,42582
8,9000	1,42582
9,0000	1,42582
9,1000	1,42582
9,2000	1,41606
9,3000	1,41606
9,4000	1,41606
9,5000	1,41118
9,6000	1,40629
9,7000	1,40629
9,8000	1,40629
9,9000	1,40629
10,0000	1,40629
10,1000	1,40629
10,2000	1,40629
10,3000	1,40629
10,4000	1,40629
10,5000	1,40629
10,6000	1,40629
10,7000	1,39164
10,8000	1,39164
10,9000	1,39164
11,0000	1,39164
11,1000	1,38676
11,2000	1,38676
11,3000	1,38676
11,4000	1,38676
11,5000	1,38676
11,6000	1,38676
11,7000	1,38676
11,8000	1,38676
11,9000	1,38676
12,0000	1,38676
12,1000	1,38676
12,2000	1,38676
12,3000	1,37700
12,4000	1,37211
12,5000	1,37700
12,6000	1,37700
12,7000	1,37700
12,8000	1,37211
12,9000	1,37700
13,0000	1,37211
13,1000	1,37211
13,2000	1,37211
13,3000	1,36723
13,4000	1,36723
13,5000	1,36723
13,6000	1,36723
13,7000	1,36723
13,8000	1,36723
13,9000	1,36723
14,0000	1,36235
14,1000	1,36235
14,2000	1,36235
14,3000	1,36235
14,4000	1,35746
14,5000	1,35746
14,6000	1,35746
14,7000	1,35746
14,8000	1,35258
14,9000	1,35258
15,0000	1,34770
15,1000	1,34770
15,2000	1,34770
15,3000	1,34770
15,4000	1,34770
15,5000	1,34770
15,6000	1,34770
15,7000	1,34770
15,8000	1,33793
15,9000	1,33793
16,0000	1,33793
16,1000	1,33793
16,2000	1,34770
16,3000	1,33305
16,4000	1,32817
16,5000	1,32817
16,6000	1,32817
16,7000	1,32817
16,8000	1,32817
16,9000	1,32817
17,0000	1,32817
17,1000	1,32817
17,2000	1,32817
17,3000	1,32817
17,4000	1,32817
17,5000	1,32817
17,6000	1,32817
17,7000	1,32817
17,8000	1,32817
17,9000	1,32817
18,0000	1,32817
18,1000	1,32817
18,2000	1,32817
18,3000	1,32817
18,4000	1,32817
18,5000	1,32817
18,6000	1,32817
18,7000	1,32817
18,8000	1,32817
18,9000	1,32817
19,0000	1,32817
19,1000	1,32817
19,2000	1,32817
19,3000	1,32817
19,4000	1,31840
19,5000	1,32817
19,6000	1,32817
19,7000	1,31840
19,8000	1,32817
19,9000	1,32817
20,0000	1,32817
20,1000	1,31840
20,2000	1,32817
20,3000	1,31840
20,4000	1,31840
20,5000	1,31840
20,6000	1,31840
20,7000	1,31352
20,8000	1,31352
20,9000	1,31840
21,0000	1,31352
21,1000	1,31352
21,2000	1,31352
21,3000	1,31840
21,4000	1,31352
21,5000	1,31352
21,6000	1,31352
21,7000	1,31352
21,8000	1,31352
21,9000	1,31352
22,0000	1,31352
22,1000	1,30863
22,2000	1,30863
22,3000	1,31352
22,4000	1,31352
22,5000	1,30863
22,6000	1,30863
22,7000	1,30863
22,8000	1,30863
22,9000	1,30863
23,0000	1,30863
23,1000	1,30863
23,2000	1,30863
23,3000	1,30863
23,4000	1,30863
23,5000	1,30863
23,6000	1,30863
23,7000	1,30863
23,8000	1,30863
23,9000	1,30863
24,0000	1,30863
24,1000	1,30863
24,2000	1,30863
24,3000	1,30863
24,4000	1,30863
24,5000	1,30863
24,6000	1,30863
24,7000	1,30863
24,8000	1,30863
24,9000	1,30863
25,0000	1,30863
25,1000	1,30863
25,2000	1,30863
25,3000	1,30863
25,4000	1,30863
25,5000	1,30863
25,6000	1,30863
25,7000	1,30863
25,8000	1,30863
25,9000	1,30863
26,0000	1,30863
26,1000	1,30863
26,2000	1,30863
26,3000	1,30863
26,4000	1,30863
26,5000	1,30863
26,6000	1,30863
26,7000	1,30863
26,8000	1,30863
26,9000	1,30863
27,0000	1,30863
27,1000	1,30863
27,2000	1,30863
27,3000	1,30863
27,4000	1,30863
27,5000	1,30863
27,6000	1,29887
27,7000	1,29887
27,8000	1,30863
27,9000	1,29398
28,0000	1,29887
28,1000	1,29398
28,2000	1,29887
28,3000	1,29887
28,4000	1,29887
28,5000	1,30863
28,6000	1,29887
28,7000	1,30863
28,8000	1,29887
28,9000	1,29887
29,0000	1,29887
29,1000	1,29887
29,2000	1,29887
29,3000	1,29887
29,4000	1,29887
29,5000	1,29887
29,6000	1,29887
29,7000	1,29398
29,8000	1,29398
29,9000	1,29887
30,0000	1,29887
30,1000	1,29887
30,2000	1,29887
30,3000	1,29887
30,4000	1,29887
30,5000	1,29398
30,6000	1,29887
30,7000	1,29887
30,8000	1,29887
30,9000	1,29887
31,0000	1,29398
31,1000	1,29887
31,2000	1,29887
31,3000	1,29398
31,4000	1,30863
31,5000	1,29887
31,6000	1,29398
31,7000	1,29398
31,8000	1,29887
31,9000	1,29887
32,0000	1,29887
32,1000	1,30863
32,2000	1,29887
32,3000	1,29887
32,4000	1,29887
32,5000	1,29398
32,6000	1,29887
32,7000	1,29398
32,8000	1,29887
32,9000	1,29398
33,0000	1,29398
33,1000	1,29398
33,2000	1,29887
33,3000	1,29887
33,4000	1,29887
33,5000	1,29887
33,6000	1,29398
33,7000	1,29398
33,8000	1,29887
33,9000	1,29887
34,0000	1,29398
34,1000	1,29887
34,2000	1,29887
34,3000	1,29887
34,4000	1,29398
34,5000	1,29398
34,6000	1,29398
34,7000	1,29398
34,8000	1,29398
34,9000	1,29887
35,0000	1,29398
35,1000	1,29887
35,2000	1,29887
35,3000	1,29887
35,4000	1,29398
35,5000	1,29398
35,6000	1,29887
35,7000	1,29398
35,8000	1,29887
35,9000	1,28910
36,0000	1,29887
36,1000	1,29398
36,2000	1,29887
36,3000	1,29398
36,4000	1,29398
36,5000	1,29887
36,6000	1,29398
36,7000	1,29398
36,8000	1,29398
36,9000	1,29887
37,0000	1,28910
37,1000	1,29398
37,2000	1,29398
37,3000	1,29398
37,4000	1,29887
37,5000	1,29398
37,6000	1,29887
37,7000	1,29887
37,8000	1,29398
37,9000	1,29398
38,0000	1,29398
38,1000	1,29398
38,2000	1,29398
38,3000	1,29398
38,4000	1,29398
38,5000	1,29398
38,6000	1,29887
38,7000	1,29398
38,8000	1,29398
38,9000	1,29398
39,0000	1,29398
39,1000	1,29398
39,2000	1,29398
39,3000	1,29398
39,4000	1,29398
39,5000	1,29398
39,6000	1,29398
39,7000	1,29398
39,8000	1,29398
39,9000	1,29398
40,0000	1,28910
40,1000	1,29398
40,2000	1,29398
40,3000	1,29398
40,4000	1,29398
40,5000	1,29398
40,6000	1,29398
40,7000	1,29398
40,8000	1,29398
40,9000	1,29398
41,0000	1,29398
41,1000	1,29398
41,2000	1,29398
41,3000	1,29398
41,4000	1,29398
41,5000	1,29398
41,6000	1,29398
41,7000	1,29398
41,8000	1,29887
41,9000	1,29398
42,0000	1,29398
42,1000	1,29398
42,2000	1,29398
42,3000	1,29887
42,4000	1,29398
42,5000	1,28910
42,6000	1,29398
42,7000	1,28910
42,8000	1,28910
42,9000	1,28910
43,0000	1,28910
43,1000	1,28910
43,2000	1,29398
43,3000	1,28910
43,4000	1,27934
43,5000	1,27445
43,6000	1,27445
43,7000	1,27445
43,8000	1,27445
43,9000	1,27445
44,0000	1,27934
44,1000	1,28910
44,2000	1,28910
44,3000	1,28910
44,4000	1,28910
44,5000	1,28910
44,6000	1,28910
44,7000	1,28910
44,8000	1,28910
44,9000	1,28910
45,0000	1,28910
45,1000	1,28910
45,2000	1,28422
45,3000	1,28910
45,4000	1,28422
45,5000	1,28910
45,6000	1,28422
45,7000	1,28910
45,8000	1,28422
45,9000	1,28422
46,0000	1,28422
46,1000	1,28910
46,2000	1,28910
46,3000	1,28422
46,4000	1,28910
46,5000	1,28422
46,6000	1,28422
46,7000	1,28422
46,8000	1,28910
46,9000	1,28910
47,0000	1,28910
47,1000	1,28422
47,2000	1,28910
47,3000	1,28910
47,4000	1,28910
47,5000	1,28910
47,6000	1,28910
47,7000	1,28910
47,8000	1,28910
47,9000	1,28910
48,0000	1,28910
48,1000	1,28910
48,2000	1,28910
48,3000	1,28910
48,4000	1,28910
48,5000	1,28910
48,6000	1,28910
48,7000	1,28910
48,8000	1,28910
48,9000	1,28910
49,0000	1,28910
49,1000	1,28422
49,2000	1,28910
49,3000	1,28910
49,4000	1,28910
49,5000	1,28910
49,6000	1,28910
49,7000	1,28422
49,8000	1,28422
49,9000	1,28422
50,0000	1,28910
50,1000	1,28422
50,2000	1,28422
50,3000	1,28422
50,4000	1,28422
50,5000	1,28422
50,6000	1,28910
50,7000	1,28910
50,8000	1,28422
50,9000	1,28422
51,0000	1,28910
51,1000	1,28422
51,2000	1,28422
51,3000	1,28422
51,4000	1,28910
51,5000	1,28422
51,6000	1,28910
51,7000	1,28422
51,8000	1,28910
51,9000	1,28910
52,0000	1,28422
52,1000	1,28422
52,2000	1,28422
52,3000	1,28422
52,4000	1,28422
52,5000	1,28422
52,6000	1,28910
52,7000	1,28910
52,8000	1,28422
52,9000	1,28422
53,0000	1,28422
53,1000	1,28422
53,2000	1,28910
53,3000	1,28910
53,4000	1,28910
53,5000	1,28422
53,6000	1,28910
53,7000	1,28422
53,8000	1,28910
53,9000	1,28910
54,0000	1,28910
54,1000	1,28910
54,2000	1,28422
54,3000	1,28910
54,4000	1,28422
54,5000	1,28422
54,6000	1,28422
54,7000	1,28910
54,8000	1,28422
54,9000	1,28422
55,0000	1,28422
55,1000	1,28422
55,2000	1,28422
55,3000	1,28910
55,4000	1,28910
55,5000	1,28422
55,6000	1,28910
55,7000	1,28910
55,8000	1,28422
55,9000	1,28910
56,0000	1,28910
56,1000	1,28422
56,2000	1,27934
56,3000	1,27934
56,4000	1,27445
56,5000	1,26957
56,6000	1,25004
56,7000	1,25004
56,8000	1,25004
56,9000	1,25004
57,0000	1,25004
57,1000	1,25004
57,2000	1,25004
57,3000	1,25004
57,4000	1,25004
57,5000	1,25004
57,6000	1,25004
57,7000	1,25004
57,8000	1,25004
57,9000	1,25004
58,0000	1,25004
58,1000	1,25004
58,2000	1,25980
58,3000	1,26957
58,4000	1,25980
58,5000	1,26957
58,6000	1,26957
58,7000	1,26957
58,8000	1,25980
58,9000	1,26957
59,0000	1,26957
59,1000	1,26957
59,2000	1,26957
59,3000	1,27445
59,4000	1,26957
59,5000	1,26957
59,6000	1,27445
59,7000	1,26957
59,8000	1,26957
59,9000	1,27445
60,0000	1,26957
60,1000	1,26957
60,2000	1,27445
60,3000	1,26957
60,4000	1,26957
60,5000	1,27445
60,6000	1,27445
60,7000	1,27445
60,8000	1,26957
60,9000	1,26957
61,0000	1,27445
61,1000	1,27445
61,2000	1,26957
61,3000	1,27445
61,4000	1,27445
61,5000	1,27445
61,6000	1,26957
61,7000	1,26957
61,8000	1,26957
61,9000	1,27445
62,0000	1,26957
62,1000	1,26957
62,2000	1,26957
62,3000	1,26957
62,4000	1,26957
62,5000	1,26957
62,6000	1,27445
62,7000	1,26957
62,8000	1,27445
62,9000	1,27445
63,0000	1,26957
63,1000	1,26957
63,2000	1,26957
63,3000	1,26957
63,4000	1,27445
63,5000	1,27445
63,6000	1,27445
63,7000	1,26957
63,8000	1,26957
63,9000	1,26957
64,0000	1,26957
64,1000	1,26957
64,2000	1,26957
64,3000	1,26957
64,4000	1,26957
64,5000	1,26957
64,6000	1,26957
64,7000	1,27445
64,8000	1,27445
64,9000	1,26957
65,0000	1,27445
65,1000	1,26957
65,2000	1,26957
65,3000	1,26957
65,4000	1,26957
65,5000	1,27445
65,6000	1,26957
65,7000	1,27445
65,8000	1,26957
65,9000	1,26957
66,0000	1,26957
66,1000	1,26957
66,2000	1,26957
66,3000	1,27445
66,4000	1,26957
66,5000	1,26957
66,6000	1,26957
66,7000	1,27445
66,8000	1,27445
66,9000	1,26957
67,0000	1,27445
67,1000	1,26957
67,2000	1,26957
67,3000	1,27445
67,4000	1,27445
67,5000	1,27445
67,6000	1,26957
67,7000	1,26957
67,8000	1,26957
67,9000	1,27445
68,0000	1,27445
68,1000	1,27934
68,2000	1,27934
68,3000	1,27445
68,4000	1,27445
68,5000	1,27445
68,6000	1,27445
68,7000	1,27445
68,8000	1,27934
68,9000	1,27445
69,0000	1,27445
69,1000	1,27445
69,2000	1,27445
69,3000	1,27445
69,4000	1,27934
69,5000	1,27445
69,6000	1,27445
69,7000	1,27445
69,8000	1,27445
69,9000	1,27934
70,0000	1,27934
70,1000	1,27934
70,2000	1,27445
70,3000	1,27934
70,4000	1,27934
70,5000	1,27934
70,6000	1,27445
70,7000	1,27445
70,8000	1,27445
70,9000	1,27934
71,0000	1,27934
71,1000	1,27445
71,2000	1,27934
71,3000	1,27445
71,4000	1,27934
71,5000	1,27445
71,6000	1,27934
71,7000	1,27934
71,8000	1,27934
71,9000	1,27934
72,0000	1,27934
72,1000	1,27934
72,2000	1,27445
72,3000	1,27934
72,4000	1,27445
72,5000	1,27934
72,6000	1,27934
72,7000	1,27445
72,8000	1,27445
72,9000	1,27934
73,0000	1,27445
73,1000	1,27934
73,2000	1,27934
73,3000	1,27934
73,4000	1,27934
73,5000	1,27445
73,6000	1,27934
73,7000	1,27445
73,8000	1,27934
73,9000	1,27934
74,0000	1,27934
74,1000	1,27934
74,2000	1,27934
74,3000	1,27934
74,4000	1,27934
74,5000	1,27934
74,6000	1,28910
74,7000	1,27934
74,8000	1,28422
74,9000	1,28910
75,0000	1,28422
75,1000	1,28422
75,2000	1,28910
75,3000	1,28422
75,4000	1,28422
75,5000	1,28422
75,6000	1,27934
75,7000	1,28422
75,8000	1,28422
75,9000	1,28422
76,0000	1,28910
76,1000	1,28910
76,2000	1,28422
76,3000	1,28910
76,4000	1,28910
76,5000	1,28422
76,6000	1,28422
76,7000	1,28422
76,8000	1,27934
76,9000	1,28422
77,0000	1,28422
77,1000	1,28422
77,2000	1,28422
77,3000	1,28910
77,4000	1,28422
77,5000	1,28422
77,6000	1,28422
77,7000	1,28910
77,8000	1,28422
77,9000	1,27934
78,0000	1,28422
78,1000	1,28422
78,2000	1,27934
78,3000	1,28910
78,4000	1,28422
78,5000	1,28422
78,6000	1,28422
78,7000	1,28422
78,8000	1,27934
78,9000	1,27934
79,0000	1,28422
79,1000	1,28422
79,2000	1,28422
79,3000	1,28422
79,4000	1,28422
79,5000	1,28422
79,6000	1,28910
79,7000	1,28910
79,8000	1,28422
79,9000	1,28422
80,0000	1,28422
80,1000	1,28422
80,2000	1,28422
80,3000	1,28422
80,4000	1,28422
80,5000	1,27934
80,6000	1,28422
80,7000	1,28422
80,8000	1,28422
80,9000	1,27934
81,0000	1,28910
81,1000	1,28910
81,2000	1,28910
81,3000	1,28422
81,4000	1,28422
81,5000	1,27934
81,6000	1,28422
81,7000	1,28422
81,8000	1,28422
81,9000	1,27934
82,0000	1,27934
82,1000	1,28422
82,2000	1,28422
82,3000	1,28422
82,4000	1,27934
82,5000	1,28422
82,6000	1,28910
82,7000	1,28910
82,8000	1,28422
82,9000	1,28422
83,0000	1,27934
83,1000	1,28422
83,2000	1,28910
83,3000	1,28422
83,4000	1,28422
83,5000	1,27934
83,6000	1,28422
83,7000	1,27934
83,8000	1,28422
83,9000	1,28422
84,0000	1,27934
84,1000	1,27934
84,2000	1,27934
84,3000	1,28422
84,4000	1,27934
84,5000	1,27934
84,6000	1,27934
84,7000	1,27934
84,8000	1,28422
84,9000	1,28422
85,0000	1,27934
85,1000	1,28422
85,2000	1,27934
85,3000	1,28422
85,4000	1,28422
85,5000	1,28422
85,6000	1,28422
85,7000	1,28422
85,8000	1,27934
85,9000	1,28422
86,0000	1,28422
86,1000	1,28422
86,2000	1,27934
86,3000	1,27934
86,4000	1,28422
86,5000	1,27934
86,6000	1,27934
86,7000	1,28422
86,8000	1,27934
86,9000	1,28422
87,0000	1,27934
87,1000	1,28422
87,2000	1,27934
87,3000	1,27934
87,4000	1,27934
87,5000	1,27934
87,6000	1,27934
87,7000	1,28422
87,8000	1,27934
87,9000	1,27934
88,0000	1,27934
88,1000	1,28422
88,2000	1,28422
88,3000	1,28910
88,4000	1,27934
88,5000	1,28422
88,6000	1,27934
88,7000	1,28910
88,8000	1,28422
88,9000	1,27934
89,0000	1,27934
89,1000	1,27934
89,2000	1,28422
89,3000	1,28910
89,4000	1,28910
89,5000	1,27934
89,6000	1,27934
89,7000	1,28422
89,8000	1,28422
89,9000	1,28910
90,0000	1,28422
90,1000	1,28422
90,2000	1,28422
90,3000	1,27934
90,4000	1,28910
90,5000	1,28422
90,6000	1,27934
90,7000	1,28422
90,8000	1,28422
90,9000	1,28910
91,0000	1,28910
91,1000	1,28422
91,2000	1,28910
91,3000	1,28910
91,4000	1,28422
91,5000	1,28910
91,6000	1,28422
91,7000	1,28422
91,8000	1,28422
91,9000	1,28910
92,0000	1,28910
92,1000	1,28910
92,2000	1,28422
92,3000	1,28910
92,4000	1,28422
92,5000	1,28910
92,6000	1,28910
92,7000	1,28910
92,8000	1,28910
92,9000	1,28422
93,0000	1,28422
93,1000	1,28422
93,2000	1,28422
93,3000	1,28422
93,4000	1,28422
93,5000	1,28422
93,6000	1,28422
93,7000	1,28910
93,8000	1,28422
93,9000	1,28422
94,0000	1,28422
94,1000	1,28422
94,2000	1,28422
94,3000	1,28422
94,4000	1,27934
94,5000	1,28422
94,6000	1,28422
94,7000	1,28910
94,8000	1,28910
94,9000	1,28422
95,0000	1,28910
95,1000	1,27934
95,2000	1,28422
95,3000	1,28910
95,4000	1,28422
95,5000	1,27934
95,6000	1,28422
95,7000	1,27934
95,8000	1,28422
95,9000	1,28422
96,0000	1,28422
96,1000	1,28422
96,2000	1,28422
96,3000	1,28910
96,4000	1,28422
96,5000	1,28422
96,6000	1,28422
96,7000	1,28422
96,8000	1,28422
96,9000	1,28422
97,0000	1,28422
97,1000	1,28422
97,2000	1,28910
97,3000	1,28910
97,4000	1,28910
97,5000	1,28422
97,6000	1,28910
97,7000	1,28910
97,8000	1,27934
97,9000	1,28422
98,0000	1,28422
98,1000	1,27934
98,2000	1,28422
98,3000	1,28422
98,4000	1,28910
98,5000	1,28422
98,6000	1,28422
98,7000	1,27934
98,8000	1,28422
98,9000	1,28422
99,0000	1,28422
99,1000	1,28422
99,2000	1,27934
99,3000	1,27934
99,4000	1,28422
99,5000	1,28422
99,6000	1,27934
99,7000	1,27934
99,8000	1,27934
99,9000	1,28422
100,0000	1,27934
100,1000	1,27934
100,2000	1,27934
100,3000	1,27934
100,4000	1,27934
100,5000	1,28422
100,6000	1,27934
100,7000	1,28422
100,8000	1,27934
100,9000	1,27934
101,0000	1,27934
101,1000	1,27934
101,2000	1,27934
101,3000	1,27934
101,4000	1,27934
101,5000	1,27934
101,6000	1,27934
101,7000	1,27934
101,8000	1,27934
101,9000	1,27934
102,0000	1,27934
102,1000	1,27934
102,2000	1,28422
102,3000	1,28422
102,4000	1,27934
102,5000	1,27934
102,6000	1,27934
102,7000	1,27934
102,8000	1,27934
102,9000	1,27934
103,0000	1,28422
103,1000	1,27934
103,2000	1,28422
103,3000	1,27934
103,4000	1,27934
103,5000	1,27934
103,6000	1,28422
103,7000	1,28422
103,8000	1,28422
103,9000	1,27934
104,0000	1,27934
104,1000	1,27934
104,2000	1,27934
104,3000	1,27934
104,4000	1,27934
104,5000	1,27934
104,6000	1,27934
104,7000	1,27934
104,8000	1,27934
104,9000	1,27934
105,0000	1,27934
105,1000	1,27934
105,2000	1,27934
105,3000	1,27934
105,4000	1,27934
105,5000	1,27934
105,6000	1,27934
105,7000	1,27934
105,8000	1,27934
105,9000	1,27934
106,0000	1,27445
106,1000	1,27934
106,2000	1,27445
106,3000	1,27934
106,4000	1,27934
106,5000	1,27445
106,6000	1,27934
106,7000	1,27934
106,8000	1,27934
106,9000	1,27934
107,0000	1,27934
107,1000	1,27934
107,2000	1,27445
107,3000	1,27934
107,4000	1,27934
107,5000	1,27934
107,6000	1,27934
