Tempo ( s )	Pressione ( kPa )
0.0000	-0.02441
0.1000	-0.02441
0.2000	-0.02441
0.3000	-0.02441
0.4000	-0.01953
0.5000	-0.02441
0.6000	-0.02441
0.7000	-0.02441
0.8000	-0.02441
0.9000	-0.02441
1.0000	-0.02441
1.1000	-0.02441
1.2000	-0.02441
1.3000	-0.02441
1.4000	-0.02441
1.5000	-0.02441
1.6000	-0.02441
1.7000	-0.02441
1.8000	-0.02441
1.9000	-0.02441
2.0000	-0.02441
2.1000	-0.02441
2.2000	-0.02441
2.3000	-0.02441
2.4000	0.31251
2.5000	2.24128
2.6000	3.04209
2.7000	3.01767
2.8000	2.95907
2.9000	2.92001
3.0000	2.88095
3.1000	2.85165
3.2000	2.82235
3.3000	2.78817
3.4000	2.77352
3.5000	2.74911
3.6000	2.72958
3.7000	2.71004
3.8000	2.69539
3.9000	2.68563
4.0000	2.67098
4.1000	2.65633
4.2000	2.64657
4.3000	2.63192
4.4000	2.62703
4.5000	2.61727
4.6000	2.60750
4.7000	2.59285
4.8000	2.58797
4.9000	2.58309
5.0000	2.57332
5.1000	2.56844
5.2000	2.56355
5.3000	2.55379
5.4000	2.55379
5.5000	2.54402
5.6000	2.53914
5.7000	2.53914
5.8000	2.52937
5.9000	2.52449
6.0000	2.51473
6.1000	2.51473
6.2000	2.50496
6.3000	2.50984
6.4000	2.50008
6.5000	2.50008
6.6000	2.50008
6.7000	2.49031
6.8000	2.48543
6.9000	2.48543
7.0000	2.47566
7.1000	2.47566
7.2000	2.47078
7.3000	2.47078
7.4000	2.46590
7.5000	2.46101
7.6000	2.46101
7.7000	2.46101
7.8000	2.45613
7.9000	2.45125
8.0000	2.45125
8.1000	2.45125
8.2000	2.44636
8.3000	2.43660
8.4000	2.43660
8.5000	2.43660
8.6000	2.43660
8.7000	2.43171
8.8000	2.43171
8.9000	2.42683
9.0000	2.42195
9.1000	2.42683
9.2000	2.42195
9.3000	2.41707
9.4000	2.41218
9.5000	2.41218
9.6000	2.41218
9.7000	2.40730
9.8000	2.40242
9.9000	2.40730
10.0000	2.39753
10.1000	2.40242
10.2000	2.39753
10.3000	2.39753
10.4000	2.39753
10.5000	2.39753
10.6000	2.39265
10.7000	2.39265
10.8000	2.39265
10.9000	2.38777
11.0000	2.38777
11.1000	2.38289
11.2000	2.38777
11.3000	2.38289
11.4000	2.38289
11.5000	2.38289
11.6000	2.38289
11.7000	2.37800
11.8000	2.37312
11.9000	2.37800
12.0000	2.37312
12.1000	2.37312
12.2000	2.37312
12.3000	2.37312
12.4000	2.36824
12.5000	2.36824
12.6000	2.36335
12.7000	2.35847
12.8000	2.35847
12.9000	2.35847
13.0000	2.35847
13.1000	2.35847
13.2000	2.35847
13.3000	2.35847
13.4000	2.35847
13.5000	2.35359
13.6000	2.35359
13.7000	2.35359
13.8000	2.35359
13.9000	2.34870
14.0000	2.35359
14.1000	2.34382
14.2000	2.34870
14.3000	2.34382
14.4000	2.34870
14.5000	2.34382
14.6000	2.34382
14.7000	2.34382
14.8000	2.34382
14.9000	2.34382
15.0000	2.34382
15.1000	2.34382
15.2000	2.34382
15.3000	2.33406
15.4000	2.34382
15.5000	2.34382
15.6000	2.33406
15.7000	2.33406
15.8000	2.32917
15.9000	2.32917
16.0000	2.32917
16.1000	2.32917
16.2000	2.33406
16.3000	2.32917
16.4000	2.32917
16.5000	2.32917
16.6000	2.32917
16.7000	2.32429
16.8000	2.31941
16.9000	2.31941
17.0000	2.31941
17.1000	2.31941
17.2000	2.31941
17.3000	2.31941
17.4000	2.31941
17.5000	2.31941
17.6000	2.31941
17.7000	2.31941
17.8000	2.31941
17.9000	2.31452
18.0000	2.31941
18.1000	2.31941
18.2000	2.31452
18.3000	2.31941
18.4000	2.31941
18.5000	2.31452
18.6000	2.31941
18.7000	2.31941
18.8000	2.31452
18.9000	2.31452
19.0000	2.31452
19.1000	2.31452
19.2000	2.31452
19.3000	2.31452
19.4000	2.31452
19.5000	2.31452
19.6000	2.30964
19.7000	2.30964
19.8000	2.31452
19.9000	2.30964
20.0000	2.30964
20.1000	2.31452
20.2000	2.30964
20.3000	2.31452
20.4000	2.30964
20.5000	2.30964
20.6000	2.30964
20.7000	2.30476
20.8000	2.30964
20.9000	2.30964
21.0000	2.30476
21.1000	2.30476
21.2000	2.30476
21.3000	2.30476
21.4000	2.30476
21.5000	2.30964
21.6000	2.30476
21.7000	2.30476
21.8000	2.30476
21.9000	2.30476
22.0000	2.30476
22.1000	2.30476
22.2000	2.30476
22.3000	2.30476
22.4000	2.30476
22.5000	2.30476
22.6000	2.30476
22.7000	2.30476
22.8000	2.30476
22.9000	2.30476
23.0000	2.30476
23.1000	2.30476
23.2000	2.30476
23.3000	2.30476
23.4000	2.30476
23.5000	2.30476
23.6000	2.30476
23.7000	2.30476
23.8000	2.30476
23.9000	2.30476
24.0000	2.30476
24.1000	2.29987
24.2000	2.29987
24.3000	2.30476
24.4000	2.30476
24.5000	2.29987
24.6000	2.30476
24.7000	2.29987
24.8000	2.30476
24.9000	2.30476
25.0000	2.29987
25.1000	2.30476
25.2000	2.30476
25.3000	2.30476
25.4000	2.29499
25.5000	2.29499
25.6000	2.29987
25.7000	2.29499
25.8000	2.29499
25.9000	2.29499
26.0000	2.29987
26.1000	2.29987
26.2000	2.30476
26.3000	2.29499
26.4000	2.29987
26.5000	2.29987
26.6000	2.29499
26.7000	2.29499
26.8000	2.29499
26.9000	2.29499
27.0000	2.29499
27.1000	2.29499
27.2000	2.30476
27.3000	2.29499
27.4000	2.29499
27.5000	2.29987
27.6000	2.30476
27.7000	2.29499
27.8000	2.30476
27.9000	2.29499
28.0000	2.29499
28.1000	2.29499
28.2000	2.29499
28.3000	2.29499
28.4000	2.29987
28.5000	2.29499
28.6000	2.29499
28.7000	2.30476
28.8000	2.29499
28.9000	2.29499
29.0000	2.29499
29.1000	2.29499
29.2000	2.29499
29.3000	2.29499
29.4000	2.29499
29.5000	2.29499
29.6000	2.29987
29.7000	2.29499
29.8000	2.29499
29.9000	2.29499
30.0000	2.29499
30.1000	2.29499
30.2000	2.29499
30.3000	2.29499
30.4000	2.29499
30.5000	2.29499
30.6000	2.29499
30.7000	2.29499
30.8000	2.29499
30.9000	2.29499
31.0000	2.29499
31.1000	2.29499
31.2000	2.29499
31.3000	2.29499
31.4000	2.29499
31.5000	2.29499
31.6000	2.29499
31.7000	2.29499
31.8000	2.29499
31.9000	2.29499
32.0000	2.29011
32.1000	2.29499
32.2000	2.29499
32.3000	2.29499
32.4000	2.29499
32.5000	2.29011
32.6000	2.29499
32.7000	2.29011
32.8000	2.29499
32.9000	2.29011
33.0000	2.29011
33.1000	2.29011
33.2000	2.29499
33.3000	2.29011
33.4000	2.29011
33.5000	2.29011
33.6000	2.29011
33.7000	2.29011
33.8000	2.29011
33.9000	2.29499
34.0000	2.29011
34.1000	2.29011
34.2000	2.29011
34.3000	2.29011
34.4000	2.29499
34.5000	2.29499
34.6000	2.29011
34.7000	2.29011
34.8000	2.29011
34.9000	2.29011
35.0000	2.29499
35.1000	2.29011
35.2000	2.29011
35.3000	2.28523
35.4000	2.29011
35.5000	2.29011
35.6000	2.28523
35.7000	2.29011
35.8000	2.29011
35.9000	2.29499
36.0000	2.29011
36.1000	2.29011
36.2000	2.29011
36.3000	2.29011
36.4000	2.29011
36.5000	2.29011
36.6000	2.29011
36.7000	2.29011
36.8000	2.29011
36.9000	2.29011
37.0000	2.29011
37.1000	2.29011
37.2000	2.29011
37.3000	2.29011
37.4000	2.29499
37.5000	2.29011
37.6000	2.29011
37.7000	2.29011
37.8000	2.29011
37.9000	2.29011
38.0000	2.29499
38.1000	2.29499
38.2000	2.29011
38.3000	2.29011
38.4000	2.29011
38.5000	2.29011
38.6000	2.29011
38.7000	2.29011
38.8000	2.29499
38.9000	2.29011
39.0000	2.29011
39.1000	2.29011
39.2000	2.29011
39.3000	2.28523
39.4000	2.29011
39.5000	2.29011
39.6000	2.29011
39.7000	2.29011
39.8000	2.29011
39.9000	2.29011
40.0000	2.29011
40.1000	2.29499
40.2000	2.29011
40.3000	2.29011
40.4000	2.29011
40.5000	2.29011
40.6000	2.29011
40.7000	2.28523
40.8000	2.29011
40.9000	2.29011
41.0000	2.29011
41.1000	2.29011
41.2000	2.29011
41.3000	2.29011
41.4000	2.29011
41.5000	2.28523
41.6000	2.29011
41.7000	2.29011
41.8000	2.29011
41.9000	2.29011
42.0000	2.29011
42.1000	2.29011
42.2000	2.29011
42.3000	2.29011
42.4000	2.29011
42.5000	2.29011
42.6000	2.29011
42.7000	2.29011
42.8000	2.29011
42.9000	2.29011
43.0000	2.29011
43.1000	2.29011
43.2000	2.29011
43.3000	2.29499
43.4000	2.29011
43.5000	2.29011
43.6000	2.29011
43.7000	2.29011
43.8000	2.29011
43.9000	2.29011
44.0000	2.29011
44.1000	2.29011
44.2000	2.29011
44.3000	2.29011
44.4000	2.29011
44.5000	2.29499
44.6000	2.29011
44.7000	2.28523
44.8000	2.29011
44.9000	2.28523
45.0000	2.29011
45.1000	2.29011
45.2000	2.29011
45.3000	2.29011
45.4000	2.29011
45.5000	2.29011
45.6000	2.29011
45.7000	2.29011
45.8000	2.29011
45.9000	2.29011
46.0000	2.29011
46.1000	2.29011
46.2000	2.29011
46.3000	2.29011
46.4000	2.29499
46.5000	2.29011
46.6000	2.29499
46.7000	2.29499
46.8000	2.29499
46.9000	2.29011
47.0000	2.29011
47.1000	2.29011
47.2000	2.29499
47.3000	2.29011
47.4000	2.29499
47.5000	2.29011
47.6000	2.29499
47.7000	2.29011
47.8000	2.29011
47.9000	2.29499
48.0000	2.29499
48.1000	2.29499
48.2000	2.29011
48.3000	2.29499
48.4000	2.29011
48.5000	2.28523
48.6000	2.29499
48.7000	2.29011
48.8000	2.29011
48.9000	2.29011
49.0000	2.29011
49.1000	2.29011
49.2000	2.29011
49.3000	2.29011
49.4000	2.29011
49.5000	2.29011
49.6000	2.29499
49.7000	2.29011
49.8000	2.29011
49.9000	2.29011
50.0000	2.29011
50.1000	2.29011
50.2000	2.29011
50.3000	2.29011
50.4000	2.29011
50.5000	2.29011
50.6000	2.29011
50.7000	2.29011
50.8000	2.29011
50.9000	2.29011
51.0000	2.29011
51.1000	2.29011
51.2000	2.29011
51.3000	2.29011
51.4000	2.29011
51.5000	2.29011
51.6000	2.29011
51.7000	2.29011
51.8000	2.29011
51.9000	2.29011
52.0000	2.29011
52.1000	2.29011
52.2000	2.29011
52.3000	2.29011
52.4000	2.29011
52.5000	2.29011
52.6000	2.28523
52.7000	2.29011
52.8000	2.28523
52.9000	2.28523
53.0000	2.28034
53.1000	2.29011
53.2000	2.29011
53.3000	2.28523
53.4000	2.29011
53.5000	2.28034
53.6000	2.29011
53.7000	2.29011
53.8000	2.29011
53.9000	2.28523
54.0000	2.28034
54.1000	2.28523
54.2000	2.28523
54.3000	2.28523
54.4000	2.28523
54.5000	2.29011
54.6000	2.29011
54.7000	2.28523
54.8000	2.28523
54.9000	2.28523
55.0000	2.28523
55.1000	2.29011
55.2000	2.28523
55.3000	2.28523
55.4000	2.28523
55.5000	2.28523
55.6000	2.28523
55.7000	2.28523
55.8000	2.28523
55.9000	2.28523
56.0000	2.29011
56.1000	2.29011
56.2000	2.29011
56.3000	2.29011
56.4000	2.28523
56.5000	2.29011
56.6000	2.29011
56.7000	2.28523
56.8000	2.29011
56.9000	2.29011
57.0000	2.29011
57.1000	2.29011
57.2000	2.29011
57.3000	2.29011
57.4000	2.28523
57.5000	2.28523
57.6000	2.28523
57.7000	2.29011
57.8000	2.28034
57.9000	2.28034
58.0000	2.28523
58.1000	2.28523
58.2000	2.28523
58.3000	2.29011
58.4000	2.28523
58.5000	2.29011
58.6000	2.28523
58.7000	2.28034
58.8000	2.29011
58.9000	2.29011
59.0000	2.29011
59.1000	2.28523
59.2000	2.29011
59.3000	2.28523
59.4000	2.28034
59.5000	2.29011
59.6000	2.28523
59.7000	2.28523
59.8000	2.29011
59.9000	2.29011
60.0000	2.28523
60.1000	2.28523
60.2000	2.29011
60.3000	2.29011
60.4000	2.28523
60.5000	2.28523
60.6000	2.28523
60.7000	2.28034
60.8000	2.29011
60.9000	2.28523
61.0000	2.28034
61.1000	2.28523
61.2000	2.28034
61.3000	2.28523
61.4000	2.29011
61.5000	2.29011
61.6000	2.29011
61.7000	2.28034
61.8000	2.28523
61.9000	2.29011
62.0000	2.28523
62.1000	2.29011
62.2000	2.28523
62.3000	2.28034
62.4000	2.28034
62.5000	2.28523
62.6000	2.28523
62.7000	2.28034
62.8000	2.28034
62.9000	2.28034
63.0000	2.28523
63.1000	2.28034
63.2000	2.28523
63.3000	2.28034
63.4000	2.28523
63.5000	2.28034
63.6000	2.28523
63.7000	2.28034
63.8000	2.28523
63.9000	2.28034
64.0000	2.29011
64.1000	2.28523
64.2000	2.28523
64.3000	2.28034
64.4000	2.29011
64.5000	2.28523
64.6000	2.29011
64.7000	2.28034
64.8000	2.28523
64.9000	2.28034
65.0000	2.28523
65.1000	2.28523
65.2000	2.28523
65.3000	2.28523
65.4000	2.28034
65.5000	2.28523
65.6000	2.28034
65.7000	2.29011
65.8000	2.28523
65.9000	2.28523
66.0000	2.29011
66.1000	2.29011
66.2000	2.28523
66.3000	2.29011
66.4000	2.28034
66.5000	2.28034
66.6000	2.28523
66.7000	2.28034
66.8000	2.28523
66.9000	2.28034
67.0000	2.29011
67.1000	2.28523
67.2000	2.28034
67.3000	2.29011
67.4000	2.29011
67.5000	2.28523
67.6000	2.28523
67.7000	2.28523
67.8000	2.28034
67.9000	2.28523
68.0000	2.28034
68.1000	2.29011
68.2000	2.29011
68.3000	2.28523
68.4000	2.28523
68.5000	2.28523
68.6000	2.29011
68.7000	2.28034
68.8000	2.29011
68.9000	2.28523
69.0000	2.28523
69.1000	2.28034
69.2000	2.28523
69.3000	2.29011
69.4000	2.28523
69.5000	2.29011
69.6000	2.28523
69.7000	2.29011
69.8000	2.28034
69.9000	2.28034
70.0000	2.28523
70.1000	2.29011
70.2000	2.28034
70.3000	2.29011
70.4000	2.28034
70.5000	2.28523
70.6000	2.28034
70.7000	2.28034
70.8000	2.28523
70.9000	2.28034
71.0000	2.28523
71.1000	2.28523
71.2000	2.28523
71.3000	2.28034
71.4000	2.28523
71.5000	2.28034
71.6000	2.28523
71.7000	2.28523
71.8000	2.28034
71.9000	2.28034
72.0000	2.28034
72.1000	2.28034
72.2000	2.28034
72.3000	2.28523
72.4000	2.28523
72.5000	2.28034
72.6000	2.28034
72.7000	2.28523
72.8000	2.28034
72.9000	2.28034
73.0000	2.28034
73.1000	2.28034
73.2000	2.28034
73.3000	2.28034
73.4000	2.28523
73.5000	2.28034
73.6000	2.28034
73.7000	2.28034
73.8000	2.28034
73.9000	2.28034
74.0000	2.28034
74.1000	2.28034
74.2000	2.28034
74.3000	2.28034
74.4000	2.28034
74.5000	2.28034
74.6000	2.28034
74.7000	2.28034
74.8000	2.28034
74.9000	2.28034
75.0000	2.28034
75.1000	2.28034
75.2000	2.28034
75.3000	2.28034
75.4000	2.28034
75.5000	2.28034
75.6000	2.28034
75.7000	2.28034
75.8000	2.28034
75.9000	2.28034
76.0000	2.28034
76.1000	2.28034
76.2000	2.28034
76.3000	2.28034
76.4000	2.28034
76.5000	2.28034
76.6000	2.28034
76.7000	2.28034
76.8000	2.28034
76.9000	2.28034
77.0000	2.28034
77.1000	2.28034
77.2000	2.28034
77.3000	2.28034
77.4000	2.28034
77.5000	2.28034
77.6000	2.28034
77.7000	2.28034
77.8000	2.28034
77.9000	2.28034
78.0000	2.28034
78.1000	2.28034
78.2000	2.28034
78.3000	2.28034
78.4000	2.28034
78.5000	2.28034
78.6000	2.28034
78.7000	2.28034
78.8000	2.28034
78.9000	2.28034
79.0000	2.28034
79.1000	2.28034
79.2000	2.28034
79.3000	2.28034
79.4000	2.28034
79.5000	2.28034
79.6000	2.28034
79.7000	2.28034
79.8000	2.28034
79.9000	2.28034
80.0000	2.28034
80.1000	2.28034
80.2000	2.28034
80.3000	2.28034
80.4000	2.28034
80.5000	2.28034
80.6000	2.28034
80.7000	2.28034
80.8000	2.28034
80.9000	2.28034
81.0000	2.28034
81.1000	2.28034
81.2000	2.28034
81.3000	2.28034
81.4000	2.28034
81.5000	2.28034
81.6000	2.28034
81.7000	2.28034
81.8000	2.28034
81.9000	2.28034
82.0000	2.28034
82.1000	2.28034
82.2000	2.28034
82.3000	2.28034
82.4000	2.28034
82.5000	2.28034
82.6000	2.28034
82.7000	2.28034
82.8000	2.28523
82.9000	2.28034
83.0000	2.28034
83.1000	2.28034
83.2000	2.28034
83.3000	2.28034
83.4000	2.28034
83.5000	2.28034
83.6000	2.28523
83.7000	2.28034
83.8000	2.28034
83.9000	2.28034
84.0000	2.28034
84.1000	2.28034
84.2000	2.28034
84.3000	2.28034
84.4000	2.28034
84.5000	2.28034
84.6000	2.28034
84.7000	2.28034
84.8000	2.28034
84.9000	2.28034
85.0000	2.28034
85.1000	2.28034
85.2000	2.28034
85.3000	2.28034
85.4000	2.28034
85.5000	2.28034
85.6000	2.28034
85.7000	2.28034
85.8000	2.28034
85.9000	2.28034
86.0000	2.28034
86.1000	2.28034
86.2000	2.28034
86.3000	2.28034
86.4000	2.28034
86.5000	2.28034
86.6000	2.28034
86.7000	2.28034
86.8000	2.28034
86.9000	2.28034
87.0000	2.28034
87.1000	2.28034
87.2000	2.28034
87.3000	2.28034
87.4000	2.28034
87.5000	2.28034
87.6000	2.28034
87.7000	2.28034
87.8000	2.28034
87.9000	2.28034
88.0000	2.28034
88.1000	2.28034
88.2000	2.28034
88.3000	2.28034
88.4000	2.28034
88.5000	2.28034
88.6000	2.28034
88.7000	2.28034
88.8000	2.28034
88.9000	2.28034
89.0000	2.28034
89.1000	2.28034
89.2000	2.28034
89.3000	2.28034
89.4000	2.28034
89.5000	2.28034
89.6000	2.28034
89.7000	2.28034
89.8000	2.28034
89.9000	2.28523
90.0000	2.28034
90.1000	2.28034
90.2000	2.28034
90.3000	2.28034
90.4000	2.28034
90.5000	2.28034
90.6000	2.28034
90.7000	2.28034
90.8000	2.28034
90.9000	2.28034
91.0000	2.28034
91.1000	2.28034
91.2000	2.28034
91.3000	2.28034
91.4000	2.28034
91.5000	2.28034
91.6000	2.28034
91.7000	2.28034
91.8000	2.28034
91.9000	2.28034
92.0000	2.28034
92.1000	2.28034
92.2000	2.28034
92.3000	2.28034
92.4000	2.28034
92.5000	2.28034
92.6000	2.28034
92.7000	2.28034
92.8000	2.28034
92.9000	2.28034
93.0000	2.28034
93.1000	2.28034
93.2000	2.28034
93.3000	2.28034
93.4000	2.28034
93.5000	2.28034
93.6000	2.28034
93.7000	2.28034
93.8000	2.28034
93.9000	2.28034
94.0000	2.28034
94.1000	2.28034
94.2000	2.28034
94.3000	2.28034
94.4000	2.28034
94.5000	2.28034
94.6000	2.28034
94.7000	2.28034
94.8000	2.28034
94.9000	2.28034
95.0000	2.28034
95.1000	2.28034
95.2000	2.28034
95.3000	2.28034
95.4000	2.28523
95.5000	2.28034
95.6000	2.28034
95.7000	2.28034
95.8000	2.28034
95.9000	2.28034
96.0000	2.28034
96.1000	2.28034
96.2000	2.28034
96.3000	2.28034
96.4000	2.28034
96.5000	2.28034
96.6000	2.28034
96.7000	2.28034
96.8000	2.28034
96.9000	2.28034
97.0000	2.28034
97.1000	2.28034
97.2000	2.28034
97.3000	2.28034
97.4000	2.28034
97.5000	2.28034
97.6000	2.28034
97.7000	2.28034
97.8000	2.28034
97.9000	2.28034
98.0000	2.28034
98.1000	2.28034
98.2000	2.28034
98.3000	2.28034
98.4000	2.28034
98.5000	2.28034
98.6000	2.28034
98.7000	2.28034
98.8000	2.28034
98.9000	2.28034
99.0000	2.28034
99.1000	2.28034
99.2000	2.28034
99.3000	2.28034
99.4000	2.28034
99.5000	2.28034
99.6000	2.28034
99.7000	2.28034
99.8000	2.28034
99.9000	2.28034
100.0000	2.28034
100.1000	2.28034
100.2000	2.28034
100.3000	2.28034
100.4000	2.28034
100.5000	2.28034
100.6000	2.28034
100.7000	2.28034
100.8000	2.28034
100.9000	2.28034
101.0000	2.28034
101.1000	2.28034
101.2000	2.28034
101.3000	2.28034
101.4000	2.28034
101.5000	2.28034
101.6000	2.28034
101.7000	2.28034
101.8000	2.28034
101.9000	2.28034
102.0000	2.28034
102.1000	2.28034
102.2000	2.28034
102.3000	2.28034
102.4000	2.28034
102.5000	2.28034
102.6000	2.28034
102.7000	2.28034
102.8000	2.28034
102.9000	2.28034
103.0000	2.28034
103.1000	2.28034
103.2000	2.28034
103.3000	2.28034
103.4000	2.28034
103.5000	2.28034
103.6000	2.28034
103.7000	2.28034
103.8000	2.28034
103.9000	2.28034
104.0000	2.28034
104.1000	2.28034
