Pressione, Can A, Raccolta #5
Tempo ( s )	Pressione ( kPa )
0,0000	0,00000
0,1000	0,00488
0,2000	0,00000
0,3000	0,00488
0,4000	0,00488
0,5000	0,00000
0,6000	0,00000
0,7000	0,00000
0,8000	0,00000
0,9000	0,00000
1,0000	0,00000
1,1000	0,00000
1,2000	0,00000
1,3000	0,00000
1,4000	0,00000
1,5000	0,00000
1,6000	0,00000
1,7000	0,00000
1,8000	0,00000
1,9000	0,00000
2,0000	0,00000
2,1000	0,00000
2,2000	0,00000
2,3000	0,00000
2,4000	0,00000
2,5000	0,00000
2,6000	0,00000
2,7000	0,00000
2,8000	0,00000
2,9000	0,00000
3,0000	0,00000
3,1000	0,00000
3,2000	0,00000
3,3000	0,20997
3,4000	0,97659
3,5000	2,17292
3,6000	3,91125
3,7000	4,30677
3,8000	4,22376
3,9000	4,15052
4,0000	4,09192
4,1000	4,03821
4,2000	3,99915
4,3000	3,96008
4,4000	3,92590
4,5000	3,89660
4,6000	3,86731
4,7000	3,83801
4,8000	3,81359
4,9000	3,78918
5,0000	3,76965
5,1000	3,75011
5,2000	3,73547
5,3000	3,72082
5,4000	3,70128
5,5000	3,68664
5,6000	3,67687
5,7000	3,66222
5,8000	3,64757
5,9000	3,64269
6,0000	3,63292
6,1000	3,61827
6,2000	3,60851
6,3000	3,60363
6,4000	3,59386
6,5000	3,57921
6,6000	3,56944
6,7000	3,56944
6,8000	3,55968
6,9000	3,55480
7,0000	3,54503
7,1000	3,54015
7,2000	3,53038
7,3000	3,52550
7,4000	3,52550
7,5000	3,51573
7,6000	3,51085
7,7000	3,50597
7,8000	3,50108
7,9000	3,49132
8,0000	3,49132
8,1000	3,48643
8,2000	3,48155
8,3000	3,47667
8,4000	3,47667
8,5000	3,47667
8,6000	3,46690
8,7000	3,46202
8,8000	3,45714
8,9000	3,45225
9,0000	3,45225
9,1000	3,44737
9,2000	3,44249
9,3000	3,43760
9,4000	3,43760
9,5000	3,43272
9,6000	3,43272
9,7000	3,42784
9,8000	3,42784
9,9000	3,42296
10,0000	3,41319
10,1000	3,41807
10,2000	3,41319
10,3000	3,41319
10,4000	3,40831
10,5000	3,40831
10,6000	3,40831
10,7000	3,40342
10,8000	3,39854
10,9000	3,39854
11,0000	3,39854
11,1000	3,39854
11,2000	3,38878
11,3000	3,38389
11,4000	3,38878
11,5000	3,38389
11,6000	3,37901
11,7000	3,37413
11,8000	3,37413
11,9000	3,37413
12,0000	3,37413
12,1000	3,37413
12,2000	3,36924
12,3000	3,36436
12,4000	3,36436
12,5000	3,35948
12,6000	3,35948
12,7000	3,35948
12,8000	3,35459
12,9000	3,35459
13,0000	3,35459
13,1000	3,35459
13,2000	3,34971
13,3000	3,34971
13,4000	3,34971
13,5000	3,34971
13,6000	3,34483
13,7000	3,34483
13,8000	3,33995
13,9000	3,34483
14,0000	3,33506
14,1000	3,33018
14,2000	3,32530
14,3000	3,32530
14,4000	3,32530
14,5000	3,32041
14,6000	3,32530
14,7000	3,32041
14,8000	3,32041
14,9000	3,32041
15,0000	3,32041
15,1000	3,32041
15,2000	3,32041
15,3000	3,32041
15,4000	3,32041
15,5000	3,31065
15,6000	3,31553
15,7000	3,31553
15,8000	3,30576
15,9000	3,31065
16,0000	3,30576
16,1000	3,31065
16,2000	3,30576
16,3000	3,30576
16,4000	3,30088
16,5000	3,29600
16,6000	3,30576
16,7000	3,30088
16,8000	3,30088
16,9000	3,29600
17,0000	3,29600
17,1000	3,29600
17,2000	3,29600
17,3000	3,29600
17,4000	3,29600
17,5000	3,29600
17,6000	3,29112
17,7000	3,29112
17,8000	3,29112
17,9000	3,29112
18,0000	3,29112
18,1000	3,29112
18,2000	3,29112
18,3000	3,29112
18,4000	3,29112
18,5000	3,28623
18,6000	3,28623
18,7000	3,28623
18,8000	3,28623
18,9000	3,28623
19,0000	3,28623
19,1000	3,28135
19,2000	3,28135
19,3000	3,28135
19,4000	3,28135
19,5000	3,28135
19,6000	3,28135
19,7000	3,28135
19,8000	3,28135
19,9000	3,28135
20,0000	3,28135
20,1000	3,28135
20,2000	3,28135
20,3000	3,28135
20,4000	3,27158
20,5000	3,28135
20,6000	3,28135
20,7000	3,28135
20,8000	3,27647
20,9000	3,28135
21,0000	3,28135
21,1000	3,28135
21,2000	3,27158
21,3000	3,27158
21,4000	3,27158
21,5000	3,27158
21,6000	3,27158
21,7000	3,27158
21,8000	3,27158
21,9000	3,27158
22,0000	3,27158
22,1000	3,27158
22,2000	3,27647
22,3000	3,27158
22,4000	3,27158
22,5000	3,27158
22,6000	3,27158
22,7000	3,27158
22,8000	3,27158
22,9000	3,27158
23,0000	3,27158
23,1000	3,26670
23,2000	3,26670
23,3000	3,26670
23,4000	3,26670
23,5000	3,26670
23,6000	3,26670
23,7000	3,26670
23,8000	3,26670
23,9000	3,26670
24,0000	3,26670
24,1000	3,26670
24,2000	3,26182
24,3000	3,26182
24,4000	3,25694
24,5000	3,26670
24,6000	3,26182
24,7000	3,26182
24,8000	3,26670
24,9000	3,26670
25,0000	3,26182
25,1000	3,26182
25,2000	3,26670
25,3000	3,26182
25,4000	3,26670
25,5000	3,25694
25,6000	3,25694
25,7000	3,25694
25,8000	3,25694
25,9000	3,25694
26,0000	3,25694
26,1000	3,25694
26,2000	3,25694
26,3000	3,25694
26,4000	3,25694
26,5000	3,25694
26,6000	3,25694
26,7000	3,25694
26,8000	3,25694
26,9000	3,25694
27,0000	3,25694
27,1000	3,25694
27,2000	3,25205
27,3000	3,25694
27,4000	3,25694
27,5000	3,25694
27,6000	3,25694
27,7000	3,25694
27,8000	3,25694
27,9000	3,25694
28,0000	3,25694
28,1000	3,25205
28,2000	3,25205
28,3000	3,25694
28,4000	3,25694
28,5000	3,25694
28,6000	3,25694
28,7000	3,25694
28,8000	3,25694
28,9000	3,25205
29,0000	3,25205
29,1000	3,25694
29,2000	3,25694
29,3000	3,25205
29,4000	3,25694
29,5000	3,25205
29,6000	3,25205
29,7000	3,25205
29,8000	3,25205
29,9000	3,25205
30,0000	3,25205
30,1000	3,25205
30,2000	3,25205
30,3000	3,25205
30,4000	3,25205
30,5000	3,25694
30,6000	3,25694
30,7000	3,25205
30,8000	3,25205
30,9000	3,25205
31,0000	3,25205
31,1000	3,25205
31,2000	3,25205
31,3000	3,25205
31,4000	3,25205
31,5000	3,25205
31,6000	3,25694
31,7000	3,25694
31,8000	3,25205
31,9000	3,25205
32,0000	3,25694
32,1000	3,25694
32,2000	3,25205
32,3000	3,25205
32,4000	3,25205
32,5000	3,25205
32,6000	3,25205
32,7000	3,25694
32,8000	3,25205
32,9000	3,25205
33,0000	3,25694
33,1000	3,25205
33,2000	3,25205
33,3000	3,25205
33,4000	3,25694
33,5000	3,25205
33,6000	3,25205
33,7000	3,25205
33,8000	3,25205
33,9000	3,25694
34,0000	3,25205
34,1000	3,25205
34,2000	3,25205
34,3000	3,25205
34,4000	3,25205
34,5000	3,25205
34,6000	3,25205
34,7000	3,25205
34,8000	3,25205
34,9000	3,25205
35,0000	3,25205
35,1000	3,25694
35,2000	3,25694
35,3000	3,25694
35,4000	3,25205
35,5000	3,25205
35,6000	3,25205
35,7000	3,25205
35,8000	3,25205
35,9000	3,25205
36,0000	3,25205
36,1000	3,25205
36,2000	3,25205
36,3000	3,25205
36,4000	3,25205
36,5000	3,25205
36,6000	3,25205
36,7000	3,24717
36,8000	3,25205
36,9000	3,24717
37,0000	3,25205
37,1000	3,25205
37,2000	3,25205
37,3000	3,25205
37,4000	3,25205
37,5000	3,24717
37,6000	3,25205
37,7000	3,25205
37,8000	3,24717
37,9000	3,25205
38,0000	3,25205
38,1000	3,24717
38,2000	3,25205
38,3000	3,25205
38,4000	3,25205
38,5000	3,25205
38,6000	3,25205
38,7000	3,25205
38,8000	3,24717
38,9000	3,25205
39,0000	3,25205
39,1000	3,25205
39,2000	3,25205
39,3000	3,24717
39,4000	3,25205
39,5000	3,24717
39,6000	3,25205
39,7000	3,25205
39,8000	3,24717
39,9000	3,25205
40,0000	3,25205
40,1000	3,24717
40,2000	3,25205
40,3000	3,25205
40,4000	3,24717
40,5000	3,24717
40,6000	3,24717
40,7000	3,24717
40,8000	3,25205
40,9000	3,25205
41,0000	3,24717
41,1000	3,25205
41,2000	3,24717
41,3000	3,25205
41,4000	3,24717
41,5000	3,25205
41,6000	3,24717
41,7000	3,24717
41,8000	3,24717
41,9000	3,24717
42,0000	3,24717
42,1000	3,24717
42,2000	3,24717
42,3000	3,24717
42,4000	3,24717
42,5000	3,24717
42,6000	3,24229
42,7000	3,24717
42,8000	3,24229
42,9000	3,24717
43,0000	3,24717
43,1000	3,24717
43,2000	3,24717
43,3000	3,24717
43,4000	3,24717
43,5000	3,24717
43,6000	3,24717
43,7000	3,24717
43,8000	3,24717
43,9000	3,24717
44,0000	3,24229
44,1000	3,24717
44,2000	3,24229
44,3000	3,24717
44,4000	3,24717
44,5000	3,24717
44,6000	3,24717
44,7000	3,24717
44,8000	3,24717
44,9000	3,24717
45,0000	3,24717
45,1000	3,24717
45,2000	3,25205
45,3000	3,25205
45,4000	3,24717
45,5000	3,24717
45,6000	3,24717
45,7000	3,24717
45,8000	3,24717
45,9000	3,25205
46,0000	3,24717
46,1000	3,25205
46,2000	3,24717
46,3000	3,24717
46,4000	3,25205
46,5000	3,24717
46,6000	3,24717
46,7000	3,24717
46,8000	3,24717
46,9000	3,24717
47,0000	3,24717
47,1000	3,24717
47,2000	3,25205
47,3000	3,24717
47,4000	3,24229
47,5000	3,24717
47,6000	3,24717
47,7000	3,24717
47,8000	3,24717
47,9000	3,24717
48,0000	3,24717
48,1000	3,24717
48,2000	3,24717
48,3000	3,24717
48,4000	3,24717
48,5000	3,24717
48,6000	3,24717
48,7000	3,24717
48,8000	3,24717
48,9000	3,24717
49,0000	3,25205
49,1000	3,24717
49,2000	3,24717
49,3000	3,24717
49,4000	3,24717
49,5000	3,24717
49,6000	3,24717
49,7000	3,25205
49,8000	3,24229
49,9000	3,24717
50,0000	3,24717
50,1000	3,24717
50,2000	3,24717
50,3000	3,24717
50,4000	3,24229
50,5000	3,24717
50,6000	3,24229
50,7000	3,24717
50,8000	3,24717
50,9000	3,24229
51,0000	3,24717
51,1000	3,24717
51,2000	3,24717
51,3000	3,24717
51,4000	3,24717
51,5000	3,24717
51,6000	3,24717
51,7000	3,24717
51,8000	3,25205
51,9000	3,25205
52,0000	3,24717
52,1000	3,24717
52,2000	3,24717
52,3000	3,24717
52,4000	3,24717
52,5000	3,24717
52,6000	3,24229
52,7000	3,24229
52,8000	3,24717
52,9000	3,24717
53,0000	3,25205
53,1000	3,24229
53,2000	3,24717
53,3000	3,24717
53,4000	3,24717
53,5000	3,24229
53,6000	3,24717
53,7000	3,24717
53,8000	3,24717
53,9000	3,24717
54,0000	3,24717
54,1000	3,24717
54,2000	3,24717
54,3000	3,24717
54,4000	3,24717
54,5000	3,24717
54,6000	3,24717
54,7000	3,24717
54,8000	3,24717
54,9000	3,24717
55,0000	3,24717
55,1000	3,24717
55,2000	3,24717
55,3000	3,25205
55,4000	3,24717
55,5000	3,24717
55,6000	3,25205
55,7000	3,24717
55,8000	3,24717
55,9000	3,24717
56,0000	3,24717
56,1000	3,24717
56,2000	3,24229
56,3000	3,24717
56,4000	3,24717
56,5000	3,24717
56,6000	3,24717
56,7000	3,24717
56,8000	3,25205
56,9000	3,25205
57,0000	3,24717
57,1000	3,24717
57,2000	3,24717
57,3000	3,24717
57,4000	3,24717
57,5000	3,24717
57,6000	3,24717
57,7000	3,24717
57,8000	3,25205
57,9000	3,25205
58,0000	3,25205
58,1000	3,25205
58,2000	3,24717
58,3000	3,24717
58,4000	3,24229
58,5000	3,24717
58,6000	3,24717
58,7000	3,24717
58,8000	3,24717
58,9000	3,24717
59,0000	3,24717
59,1000	3,24717
59,2000	3,24717
59,3000	3,24229
59,4000	3,24229
59,5000	3,24717
59,6000	3,24717
59,7000	3,24229
59,8000	3,24717
59,9000	3,25205
60,0000	3,24717
60,1000	3,24717
60,2000	3,24717
60,3000	3,24717
60,4000	3,24717
60,5000	3,24717
60,6000	3,24229
60,7000	3,24717
60,8000	3,24717
60,9000	3,24717
61,0000	3,24717
61,1000	3,24717
61,2000	3,24717
61,3000	3,24717
61,4000	3,24717
61,5000	3,24717
61,6000	3,24229
61,7000	3,24717
61,8000	3,24229
61,9000	3,24229
62,0000	3,24229
62,1000	3,24229
62,2000	3,24229
62,3000	3,24717
62,4000	3,24229
62,5000	3,24229
62,6000	3,24229
62,7000	3,24229
62,8000	3,24717
62,9000	3,24229
63,0000	3,24229
63,1000	3,24717
63,2000	3,24717
63,3000	3,24229
63,4000	3,24229
63,5000	3,24717
63,6000	3,24229
63,7000	3,24717
63,8000	3,24229
63,9000	3,24229
64,0000	3,24229
64,1000	3,24229
64,2000	3,24717
64,3000	3,24717
64,4000	3,24717
64,5000	3,24229
64,6000	3,24229
64,7000	3,24229
64,8000	3,24717
64,9000	3,24717
65,0000	3,24717
65,1000	3,24717
65,2000	3,24229
65,3000	3,24229
65,4000	3,24229
65,5000	3,24717
65,6000	3,24717
65,7000	3,24717
65,8000	3,24229
65,9000	3,24717
66,0000	3,24229
66,1000	3,24229
66,2000	3,24229
66,3000	3,24229
66,4000	3,24717
66,5000	3,24229
66,6000	3,24717
66,7000	3,24717
66,8000	3,24717
66,9000	3,24229
67,0000	3,24229
67,1000	3,24717
67,2000	3,24229
67,3000	3,24229
67,4000	3,24229
67,5000	3,24717
67,6000	3,24717
67,7000	3,24717
67,8000	3,24717
67,9000	3,24717
68,0000	3,24717
68,1000	3,24717
68,2000	3,24717
68,3000	3,24717
68,4000	3,24229
68,5000	3,24717
68,6000	3,24229
68,7000	3,24717
68,8000	3,24717
68,9000	3,24229
69,0000	3,24229
69,1000	3,24717
69,2000	3,24717
69,3000	3,24229
69,4000	3,24717
69,5000	3,24717
69,6000	3,24229
69,7000	3,24229
69,8000	3,24717
69,9000	3,24717
70,0000	3,24229
70,1000	3,24717
70,2000	3,24717
70,3000	3,24229
70,4000	3,24717
70,5000	3,24717
70,6000	3,24229
70,7000	3,24717
70,8000	3,24717
70,9000	3,24717
71,0000	3,24229
71,1000	3,24717
71,2000	3,24717
71,3000	3,24717
71,4000	3,24717
71,5000	3,24717
71,6000	3,24717
71,7000	3,24717
71,8000	3,24717
71,9000	3,24229
72,0000	3,24717
72,1000	3,24717
72,2000	3,24229
72,3000	3,24717
72,4000	3,24717
72,5000	3,24717
72,6000	3,24717
72,7000	3,24717
72,8000	3,24717
72,9000	3,24717
73,0000	3,24717
73,1000	3,24717
73,2000	3,24717
73,3000	3,24717
73,4000	3,24717
73,5000	3,24717
73,6000	3,24717
73,7000	3,24229
73,8000	3,24717
73,9000	3,24229
74,0000	3,24717
74,1000	3,24717
74,2000	3,24229
74,3000	3,24717
74,4000	3,24717
74,5000	3,24229
74,6000	3,24717
74,7000	3,24717
74,8000	3,24717
74,9000	3,24717
75,0000	3,24717
75,1000	3,24717
75,2000	3,25205
75,3000	3,24717
75,4000	3,24717
75,5000	3,24717
75,6000	3,24717
75,7000	3,24717
75,8000	3,24717
75,9000	3,24717
76,0000	3,24229
76,1000	3,24717
76,2000	3,24717
76,3000	3,24717
76,4000	3,24717
76,5000	3,24717
76,6000	3,24717
76,7000	3,24717
76,8000	3,24717
76,9000	3,24717
77,0000	3,24717
77,1000	3,24717
77,2000	3,24717
77,3000	3,24717
77,4000	3,24717
77,5000	3,24717
77,6000	3,24717
77,7000	3,24717
77,8000	3,24717
77,9000	3,24717
78,0000	3,25205
78,1000	3,24717
78,2000	3,24717
78,3000	3,24717
78,4000	3,25205
78,5000	3,24717
78,6000	3,24717
78,7000	3,24717
78,8000	3,24229
78,9000	3,24717
79,0000	3,24717
79,1000	3,24717
79,2000	3,24717
79,3000	3,24717
79,4000	3,24229
79,5000	3,24717
79,6000	3,24717
79,7000	3,24717
79,8000	3,24717
79,9000	3,24717
80,0000	3,24717
80,1000	3,24717
80,2000	3,24717
80,3000	3,24717
80,4000	3,24229
80,5000	3,24717
80,6000	3,24717
80,7000	3,24717
80,8000	3,24717
80,9000	3,24717
81,0000	3,24229
81,1000	3,24717
81,2000	3,24717
81,3000	3,24229
81,4000	3,24717
81,5000	3,24717
81,6000	3,24717
81,7000	3,24229
81,8000	3,24229
81,9000	3,24717
82,0000	3,24229
82,1000	3,24717
82,2000	3,24717
82,3000	3,24229
82,4000	3,24229
82,5000	3,24229
82,6000	3,24717
82,7000	3,24717
82,8000	3,24229
82,9000	3,24229
83,0000	3,24717
83,1000	3,24717
83,2000	3,24229
83,3000	3,24229
83,4000	3,24717
83,5000	3,24717
83,6000	3,24717
83,7000	3,24229
83,8000	3,24229
83,9000	3,24229
84,0000	3,24717
84,1000	3,24229
84,2000	3,24229
84,3000	3,24229
84,4000	3,24229
84,5000	3,24229
84,6000	3,24229
84,7000	3,24229
84,8000	3,24717
84,9000	3,24229
85,0000	3,24717
85,1000	3,24717
85,2000	3,24229
85,3000	3,24229
85,4000	3,24717
85,5000	3,24717
85,6000	3,24229
85,7000	3,24229
85,8000	3,24717
85,9000	3,24229
86,0000	3,24229
86,1000	3,24717
86,2000	3,24717
86,3000	3,24717
86,4000	3,24717
86,5000	3,24717
86,6000	3,24717
86,7000	3,24717
86,8000	3,24229
86,9000	3,24717
87,0000	3,24717
87,1000	3,24717
87,2000	3,24717
87,3000	3,24717
87,4000	3,24717
87,5000	3,24717
87,6000	3,24717
87,7000	3,24717
87,8000	3,24229
87,9000	3,24717
88,0000	3,24717
88,1000	3,24229
88,2000	3,24717
88,3000	3,24717
88,4000	3,24717
88,5000	3,24717
88,6000	3,24229
88,7000	3,24717
88,8000	3,25205
88,9000	3,24717
89,0000	3,24717
89,1000	3,24717
89,2000	3,24717
89,3000	3,24717
89,4000	3,25205
89,5000	3,24717
89,6000	3,24717
89,7000	3,24717
89,8000	3,24717
89,9000	3,24717
90,0000	3,24717
90,1000	3,24717
90,2000	3,24229
90,3000	3,24717
90,4000	3,24717
90,5000	3,24229
90,6000	3,24717
90,7000	3,24717
90,8000	3,24717
90,9000	3,24717
91,0000	3,24717
91,1000	3,24717
91,2000	3,24717
91,3000	3,24717
91,4000	3,24717
91,5000	3,24717
91,6000	3,24717
91,7000	3,24717
91,8000	3,24717
91,9000	3,24229
92,0000	3,24717
92,1000	3,24717
92,2000	3,24717
92,3000	3,24717
92,4000	3,24717
92,5000	3,24717
92,6000	3,24717
92,7000	3,24717
92,8000	3,24717
92,9000	3,24717
93,0000	3,24717
93,1000	3,25205
93,2000	3,24717
93,3000	3,25205
93,4000	3,25205
93,5000	3,24717
93,6000	3,24717
93,7000	3,24717
93,8000	3,24717
93,9000	3,24717
94,0000	3,24717
94,1000	3,24717
94,2000	3,24717
94,3000	3,24717
94,4000	3,24717
94,5000	3,24717
94,6000	3,24717
94,7000	3,24717
94,8000	3,24717
94,9000	3,24717
95,0000	3,24717
95,1000	3,24717
95,2000	3,24717
95,3000	3,24717
95,4000	3,24717
95,5000	3,24717
95,6000	3,24717
95,7000	3,24717
95,8000	3,25205
95,9000	3,24717
96,0000	3,24717
96,1000	3,24717
96,2000	3,24717
96,3000	3,24229
96,4000	3,24717
96,5000	3,24717
96,6000	3,24717
96,7000	3,25205
96,8000	3,25205
96,9000	3,24717
97,0000	3,25205
97,1000	3,24717
97,2000	3,24229
97,3000	3,25205
97,4000	3,24717
97,5000	3,24717
97,6000	3,25205
97,7000	3,25205
97,8000	3,25205
97,9000	3,25205
98,0000	3,24717
98,1000	3,25205
98,2000	3,25205
98,3000	3,24717
98,4000	3,24717
98,5000	3,25205
98,6000	3,25205
98,7000	3,25205
98,8000	3,24717
98,9000	3,24717
99,0000	3,25205
99,1000	3,24717
99,2000	3,25205
99,3000	3,25205
99,4000	3,24717
99,5000	3,24717
99,6000	3,25205
99,7000	3,24717
99,8000	3,24717
99,9000	3,24717
100,0000	3,24717
100,1000	3,24717
100,2000	3,24717
100,3000	3,24717
100,4000	3,24717
